100	1	15 ms
300	1	392 ms
500	1	1917 ms
700	1	5104 ms
900	1	10687 ms
1100	1	19231 ms
1300	1	31027 ms
1500	1	54761 ms


100	2	7 ms
300	2	198 ms
500	2	959 ms
700	2	2699 ms
900	2	5468 ms
1100	2	9725 ms
1300	2	16597 ms
1500	2	26836 ms


100	4	4 ms
300	4	103 ms
500	4	485 ms
700	4	1394 ms
900	4	2649 ms
1100	4	4949 ms
1300	4	9236 ms
1500	4	15947 ms



100	6	2 ms
300	6	67 ms
500	6	326 ms
700	6	959 ms
900	6	1931 ms
1100	6	3625 ms
1300	6	6964 ms
1500	6	11413 ms

12
100	12	1 ms
300	12	33 ms
500	12	164 ms
700	12	496 ms
900	12	1168 ms
1100	12	1888 ms
1300	12	3505 ms
1500	12	5595 ms

