12 20 62 22 83 1 76 44 17 76 50 81 62 69 64 18 38 71 58 25 39 97 87 32 4 36 57 81 73 100 95 42 86 96 24 33 82 33 15 40 92 39 45 92 43 30 87 9 31 31 17 98 62 39 10 12 38 68 91 39 86 73 23 86 43 77 25 64 59 38 14 5 82 24 94 83 82 49 8 6 70 19 23 61 60 64 19 62 9 37 63 92 66 89 62 46 55 43 65 21
47 35 58 91 57 33 62 77 53 71 96 81 79 4 54 99 32 71 86 77 77 89 44 14 19 59 89 93 35 48 96 77 80 91 62 51 6 18 82 64 82 64 68 61 42 10 90 5 35 32 60 4 65 76 2 28 24 36 86 94 32 35 77 32 81 37 25 45 66 1 78 56 43 35 93 89 16 90 55 69 49 19 50 58 14 92 28 36 26 94 46 84 58 15 73 51 82 68 44 80
63 91 93 83 47 46 34 41 24 92 93 66 50 60 84 53 72 21 73 57 83 81 3 7 60 9 60 55 26 95 100 32 57 81 27 59 91 31 54 98 35 93 49 21 56 71 8 62 31 85 62 2 9 52 42 55 8 4 61 57 76 65 2 44 43 16 39 60 8 5 80 13 7 67 48 26 53 48 88 20 61 73 86 94 71 2 27 66 45 17 87 6 96 68 18 7 81 31 35 12
98 14 79 84 16 57 12 5 83 35 63 59 60 24 41 41 28 13 16 56 19 91 91 56 84 91 11 37 99 30 24 78 32 91 26 49 27 67 5 29 60 88 56 83 31 3 62 12 35 1 35 54 70 36 57 24 27 79 99 81 37 87 28 8 38 73 16 49 46 61 80 64 88 96 91 9 47 85 52 95 40 60 80 14 44 17 8 1 84 35 58 13 12 24 29 69 25 53 28 97
34 14 31 79 53 50 76 71 67 91 23 52 71 4 24 2 46 80 14 78 50 27 99 4 16 15 21 48 25 83 31 6 56 2 42 84 85 17 86 75 38 76 13 23 42 37 96 19 38 87 9 77 32 23 73 90 18 3 22 21 68 47 86 11 81 52 20 67 22 37 53 26 91 86 46 33 27 54 29 35 10 30 41 6 77 10 22 87 7 73 42 52 80 70 43 52 14 85 38 66
31 60 22 55 69 91 27 3 24 46 26 33 73 70 59 14 92 78 40 22 35 87 18 51 22 59 19 60 92 3 84 14 96 91 55 59 18 1 54 98 88 95 31 57 11 20 42 90 10 44 4 17 87 8 7 68 84 30 7 100 80 96 78 43 70 84 59 87 74 67 34 98 28 52 47 74 22 12 75 23 54 27 73 93 77 2 93 89 71 60 92 1 94 57 81 29 92 98 11 84
32 4 80 78 83 60 21 33 39 82 63 61 91 32 6 36 29 68 44 65 38 59 26 57 26 65 71 74 28 59 14 66 99 4 91 53 53 62 79 64 56 80 87 84 98 97 24 69 91 92 12 44 21 91 48 3 27 12 68 40 5 1 33 51 53 86 41 12 4 10 36 57 82 59 60 43 10 72 88 77 98 83 52 91 94 19 7 62 89 88 33 59 100 87 55 43 67 46 73 45
93 87 63 7 61 66 59 32 55 26 28 76 80 59 96 76 64 77 56 36 65 100 87 4 30 46 72 17 5 62 63 66 74 90 78 87 26 51 24 47 45 23 5 59 81 1 80 54 55 19 52 44 56 62 32 86 21 59 93 32 22 32 57 48 23 49 36 16 93 71 82 21 53 10 21 42 83 25 13 50 76 76 5 80 98 38 30 58 5 21 52 27 16 85 69 11 36 95 7 91
80 66 66 29 100 10 83 61 70 41 82 20 63 96 13 43 42 32 9 88 27 93 71 11 5 66 43 61 28 65 10 40 42 78 18 45 85 99 32 98 8 78 70 64 66 59 15 20 11 49 38 94 8 14 48 92 12 63 43 57 56 30 91 96 76 45 15 31 7 51 10 62 51 93 57 83 92 100 29 7 76 54 94 36 31 76 66 1 95 42 25 37 3 68 67 14 99 25 46 35
26 26 43 9 19 9 81 41 4 60 40 57 80 70 10 62 67 12 52 77 81 79 75 81 29 64 12 5 2 15 9 84 41 90 72 49 59 32 45 31 57 85 49 26 48 53 62 90 72 10 19 96 80 99 18 68 93 48 44 44 17 83 70 19 88 30 84 51 90 16 70 97 8 57 21 63 86 40 95 98 3 38 68 86 38 14 52 22 16 30 36 54 38 17 20 71 26 79 7 87
47 26 82 98 91 24 13 95 13 93 38 22 84 94 67 34 28 62 67 47 61 43 64 100 32 9 16 69 28 99 28 18 83 66 71 68 25 92 35 21 94 1 24 42 70 87 17 9 60 90 33 71 87 62 29 78 64 4 44 90 14 45 85 39 33 93 89 53 62 66 59 30 10 86 5 93 77 100 48 76 86 55 34 69 30 86 70 77 68 32 83 92 95 42 80 97 2 60 43 41
61 20 31 5 47 5 5 19 72 6 69 24 62 19 36 48 67 59 92 68 56 92 40 3 65 78 4 22 60 36 70 100 69 49 55 21 23 84 6 29 87 23 88 46 51 27 25 25 44 12 5 61 55 95 83 30 51 62 27 48 22 59 69 42 86 40 21 30 26 53 71 99 28 18 68 81 2 59 11 47 82 46 80 17 40 42 75 26 46 55 39 36 6 31 12 36 42 2 68 33
97 29 42 10 72 53 73 75 34 23 55 87 24 32 40 52 17 2 18 68 40 29 34 36 74 49 93 72 85 42 9 95 33 58 88 73 28 93 43 4 1 30 47 51 22 15 38 38 20 28 22 97 69 52 28 74 50 42 11 16 9 99 31 11 83 76 51 13 66 76 21 69 42 77 11 45 83 20 4 100 20 50 90 23 39 41 43 48 66 6 96 73 8 78 20 46 31 1 50 48
20 8 52 43 10 98 24 2 64 17 3 77 24 62 18 55 88 88 53 1 64 31 7 64 80 12 62 27 31 50 91 85 63 37 82 80 78 9 97 65 80 66 51 40 86 83 91 51 31 43 41 61 4 18 15 22 24 29 4 57 19 74 91 61 53 72 32 31 72 26 5 25 30 92 61 41 34 2 25 100 4 25 14 66 72 74 65 33 78 6 92 52 100 77 59 79 60 60 48 92
4 97 91 87 54 28 71 12 86 43 7 17 85 74 37 89 89 15 93 100 82 2 64 92 85 52 52 77 1 51 17 83 99 22 93 68 8 86 85 83 28 47 91 24 42 52 50 41 23 38 36 56 2 16 33 47 93 90 38 50 9 15 87 37 83 99 29 17 59 19 12 49 16 91 82 98 23 50 93 43 28 97 75 9 34 51 2 88 9 56 45 27 76 38 50 59 58 84 60 3
45 21 16 90 24 50 44 92 74 86 64 89 29 9 81 99 66 84 19 34 59 43 10 45 74 88 69 25 44 54 74 56 59 60 24 47 14 12 22 69 73 20 49 83 3 39 72 35 73 68 24 23 96 68 76 89 73 15 65 44 99 48 63 3 71 17 19 85 43 6 3 85 29 100 33 72 97 16 50 98 23 52 27 21 4 36 82 73 32 26 63 49 84 73 41 52 99 66 2 55
36 32 72 95 81 59 64 10 67 24 91 45 83 86 92 76 6 49 80 20 80 35 29 22 19 51 51 33 90 36 14 58 80 76 23 66 22 57 69 43 32 10 34 21 12 79 87 57 45 59 78 43 1 77 32 42 41 68 87 64 91 34 56 75 37 53 84 28 60 88 48 59 37 90 50 27 69 47 17 82 65 16 77 29 8 96 50 39 10 62 14 21 4 83 98 39 28 1 79 7
45 14 65 98 40 19 96 6 50 98 83 79 95 43 25 90 80 20 25 63 64 61 26 44 60 1 76 22 11 52 11 99 99 46 96 30 73 81 7 53 39 95 53 35 93 26 68 41 81 53 30 98 35 30 13 41 44 51 21 11 13 36 89 8 85 80 66 48 77 12 83 80 99 70 2 9 95 17 81 86 33 34 88 93 26 20 17 61 1 44 55 22 17 64 77 48 88 41 69 100
29 42 66 11 42 23 92 60 97 6 36 13 36 44 55 36 28 37 77 51 9 51 71 47 16 12 24 31 60 47 48 68 56 44 80 65 59 36 99 23 83 54 92 38 47 67 65 28 55 1 30 70 42 81 98 27 9 2 31 36 24 23 55 61 85 97 31 12 81 66 83 26 51 11 60 68 53 65 65 25 64 53 92 17 49 68 100 63 43 75 75 65 28 78 74 86 75 36 63 11
73 91 97 16 4 40 65 29 87 53 80 13 41 41 23 57 77 54 65 88 5 20 51 80 48 97 43 82 78 82 1 6 96 75 74 84 90 23 77 27 84 26 38 27 87 19 94 2 17 86 46 93 27 97 93 42 87 88 1 58 2 28 69 51 85 1 99 46 15 24 71 59 55 88 72 46 96 52 80 34 91 85 77 41 52 18 2 91 67 55 48 98 15 61 86 40 80 30 90 32
35 81 52 7 93 18 69 78 57 74 57 38 35 90 26 99 46 13 1 81 82 50 85 46 81 9 58 2 69 34 6 20 15 3 53 50 33 42 22 9 92 42 16 27 27 59 91 12 87 22 58 87 19 48 93 65 97 27 99 98 51 20 73 94 92 43 44 37 67 91 67 75 4 9 23 100 93 11 77 53 35 93 68 24 32 10 74 4 11 28 99 95 88 69 30 59 95 45 90 97
74 31 15 71 80 16 17 49 32 81 20 49 91 66 55 27 45 23 7 13 100 67 21 84 8 95 38 27 24 21 36 4 70 73 18 20 21 55 18 76 2 89 21 72 52 87 48 81 23 71 2 22 91 11 42 23 36 40 13 41 88 65 71 94 44 40 83 15 65 47 76 51 49 61 47 3 72 70 6 3 46 72 21 54 54 84 64 54 65 94 28 22 98 52 97 83 82 9 22 58
80 46 62 61 30 100 39 97 62 98 52 45 58 88 75 81 64 36 72 44 17 41 21 86 82 21 49 45 84 41 64 93 14 48 30 14 19 35 2 69 78 50 49 73 67 48 31 44 45 21 11 76 2 45 80 79 95 39 62 74 13 93 40 32 55 16 46 18 62 75 55 4 87 75 36 75 71 87 79 39 85 59 14 99 13 28 81 99 76 46 36 67 18 97 61 70 6 62 83 50
69 46 84 31 4 48 72 59 19 95 94 2 30 32 96 37 3 43 84 80 62 35 39 98 100 35 58 82 82 70 51 22 17 37 78 80 6 65 15 43 13 72 30 82 61 24 66 26 17 100 78 38 32 36 44 90 65 41 97 16 31 97 81 35 35 75 52 61 77 21 22 4 37 84 90 34 96 33 54 11 32 30 27 35 46 24 57 14 43 1 88 74 20 20 20 22 47 59 27 98
100 52 78 94 73 92 90 73 66 20 75 40 39 85 63 32 97 13 100 2 33 52 80 72 74 28 10 31 65 76 14 73 62 87 12 14 53 74 20 63 55 54 88 44 89 90 69 16 51 2 6 47 77 44 93 53 54 84 24 31 67 12 94 18 16 48 55 23 88 53 90 27 11 30 53 8 33 73 18 30 15 13 36 11 93 51 1 74 50 51 15 56 82 72 20 35 84 92 22 51
20 83 48 42 92 64 87 24 72 80 21 77 77 83 67 41 76 31 84 85 76 59 62 66 5 93 93 76 72 97 43 28 93 72 68 48 6 72 44 76 44 36 86 23 22 39 91 40 96 53 52 83 10 78 79 97 84 67 93 77 45 32 65 37 34 72 5 20 70 88 58 25 59 29 86 66 82 97 53 49 72 16 60 80 73 52 21 11 80 17 59 53 4 34 91 42 29 90 34 50
23 95 21 72 69 74 75 82 94 90 86 53 67 81 17 9 70 55 99 27 65 12 90 16 12 9 72 14 36 19 48 49 12 91 56 11 69 21 56 44 13 1 88 69 32 58 85 50 39 55 92 22 33 62 52 64 96 78 33 3 21 46 86 39 82 88 11 57 76 69 50 46 70 4 57 87 55 81 84 55 14 42 71 94 66 82 75 88 10 72 27 63 8 39 49 23 22 5 89 99
13 51 17 43 21 6 64 51 55 48 25 73 21 18 9 20 69 80 27 84 88 90 81 55 28 54 40 32 61 87 37 62 71 38 69 34 66 99 46 62 68 62 52 93 100 1 78 45 23 18 69 99 85 54 33 69 17 19 9 9 85 79 23 44 78 23 30 46 22 45 45 38 29 36 77 100 47 55 79 84 43 44 95 11 46 9 78 34 67 80 81 26 70 21 24 49 66 73 13 37
28 28 5 9 51 21 11 35 69 86 7 35 85 76 63 50 72 80 80 81 56 31 41 87 42 39 29 26 35 5 24 80 89 75 90 94 9 39 56 48 44 47 41 53 88 29 48 11 23 46 22 41 88 30 51 8 46 91 63 69 2 44 47 70 59 88 16 89 21 12 55 6 4 99 93 76 98 64 32 48 53 67 27 37 100 49 15 14 93 62 100 13 70 25 88 7 18 98 9 25
40 37 19 46 33 75 3 4 22 81 4 11 98 14 50 46 24 84 25 1 86 44 72 42 44 19 51 90 38 71 59 23 41 56 19 61 4 58 45 79 68 46 10 16 76 64 11 82 6 90 58 65 46 78 8 16 56 75 37 9 84 90 14 86 92 85 11 87 7 1 56 48 45 30 17 98 30 68 18 96 54 81 100 52 91 93 24 85 61 6 46 30 69 72 48 48 7 57 12 6
42 87 41 89 48 27 69 15 2 51 39 88 79 100 45 29 86 68 18 26 20 98 30 3 11 39 87 6 76 72 8 86 75 44 43 87 87 59 9 63 27 92 10 47 77 50 89 23 76 22 40 77 3 15 98 92 19 28 54 36 14 32 63 14 29 57 91 4 59 67 83 45 16 89 93 72 59 78 3 20 23 55 9 74 32 91 93 91 12 35 33 96 34 97 46 34 76 65 38 64
90 7 22 85 39 34 48 95 50 38 44 32 66 47 42 92 97 13 45 21 25 39 4 45 11 29 15 72 69 59 18 24 11 27 49 85 81 50 6 90 47 87 78 87 1 37 19 39 41 93 90 50 91 66 91 29 33 68 77 66 38 51 84 50 27 36 61 27 28 19 61 95 87 62 96 27 11 43 78 67 46 66 13 26 77 31 10 4 9 20 71 45 52 81 26 90 24 45 6 41
33 21 60 47 78 37 66 43 41 10 62 57 81 33 15 3 94 22 35 90 2 1 39 99 27 70 1 32 20 88 60 29 19 67 81 1 68 67 76 67 36 30 62 8 18 24 11 32 20 100 13 75 36 91 46 2 47 44 93 23 50 21 54 68 13 99 23 37 38 62 93 97 19 41 40 12 70 7 57 18 81 43 52 100 39 64 94 17 17 33 32 58 10 48 64 100 82 79 20 39
17 54 54 24 3 68 37 67 3 96 15 51 48 85 75 83 87 99 79 57 46 47 7 25 1 85 45 75 26 43 50 95 60 84 93 38 29 92 53 76 43 48 37 45 93 24 10 36 98 88 67 10 37 30 32 81 97 47 15 36 17 23 98 26 28 43 41 34 76 11 14 31 42 52 8 60 42 45 68 59 80 98 74 47 70 75 22 44 35 16 29 35 79 90 100 3 82 58 77 39
84 79 29 14 25 76 100 75 30 57 25 11 90 45 48 28 72 47 39 97 38 73 48 29 23 60 71 75 68 17 1 38 2 53 16 12 72 4 72 87 35 36 28 82 46 50 23 22 10 72 12 97 74 99 74 20 96 18 56 68 80 85 50 14 4 30 91 8 40 14 47 59 17 47 53 34 6 100 80 79 67 93 14 8 66 90 81 78 74 5 6 25 49 16 68 72 63 51 61 70
5 38 31 18 72 47 12 79 21 84 40 60 83 41 16 4 44 93 75 16 71 69 94 48 12 54 20 11 58 18 5 41 67 39 68 100 51 39 16 34 19 76 24 100 94 99 51 3 24 17 57 32 40 18 27 90 67 47 40 4 59 17 9 87 76 21 13 9 11 37 39 32 43 96 94 85 5 86 7 60 26 89 23 64 64 42 11 63 91 6 7 44 44 51 71 81 2 6 33 28
62 72 70 48 36 78 13 3 26 12 1 1 33 73 47 57 59 5 93 84 5 90 18 62 68 1 26 12 68 100 100 39 6 36 72 61 45 75 37 97 84 94 28 43 45 10 74 47 16 34 63 95 62 92 31 89 24 40 91 44 69 9 51 50 15 27 2 47 17 57 83 60 65 33 17 5 15 51 8 65 22 74 12 32 65 87 53 12 41 97 99 79 65 51 3 87 58 87 89 94
56 84 98 12 48 8 81 39 5 24 49 45 16 40 77 65 94 76 71 52 53 32 91 29 98 6 52 96 81 88 77 73 90 24 64 96 92 74 49 65 50 90 92 98 29 29 45 17 66 85 12 98 39 68 1 94 56 54 77 79 80 97 64 85 27 46 97 5 92 52 15 70 37 14 21 57 55 16 45 24 16 42 40 67 17 74 9 86 25 36 21 86 82 18 11 58 37 78 59 42
1 9 81 8 64 92 78 19 79 89 13 21 81 55 9 41 72 70 91 49 82 40 34 96 6 55 75 93 49 23 82 38 43 56 30 39 85 78 19 55 31 13 10 8 77 9 58 93 72 59 53 58 54 80 79 74 45 42 81 38 13 50 74 100 11 57 37 73 7 56 39 32 38 48 60 64 83 87 13 97 71 13 92 48 92 43 99 92 89 78 53 48 46 41 36 60 47 38 11 93
54 67 77 19 44 24 61 41 42 54 31 39 14 62 43 98 19 40 21 44 31 41 8 76 8 47 62 3 59 38 15 30 47 38 74 40 95 4 77 85 30 84 48 1 83 26 61 31 93 52 77 64 71 97 33 78 56 7 32 68 72 58 17 86 12 94 97 37 22 99 15 31 99 53 76 37 24 54 99 68 16 41 10 38 1 34 54 57 56 28 15 13 37 38 68 48 60 13 25 16
76 33 17 36 56 90 90 89 5 47 10 88 69 48 14 24 62 92 76 81 36 6 85 44 15 94 63 91 8 86 99 30 16 32 52 28 18 39 39 28 48 14 13 38 51 40 15 63 59 18 54 75 9 69 53 4 43 31 87 70 18 51 33 76 84 6 66 59 2 65 99 97 34 74 28 87 91 94 38 38 99 87 44 93 61 63 28 74 31 15 63 93 38 61 7 8 16 26 41 31
72 49 80 82 56 53 56 67 94 60 9 29 66 92 5 8 94 42 66 48 27 71 14 87 30 16 4 42 41 95 10 18 15 75 9 59 41 82 84 78 40 6 96 91 4 76 26 79 34 41 51 95 71 46 83 61 35 59 84 40 57 79 8 22 38 20 21 19 98 19 49 96 96 100 64 35 66 66 69 93 88 32 41 72 10 80 32 26 47 12 55 41 96 59 41 90 50 42 11 13
31 52 58 100 94 67 81 81 30 83 7 21 54 97 72 62 55 54 19 70 2 28 77 65 7 61 92 23 34 94 44 86 76 24 46 54 11 88 1 45 18 87 29 19 2 29 62 47 21 64 78 69 72 16 50 11 30 44 85 3 23 14 61 94 43 24 67 3 90 31 30 43 94 64 21 58 17 36 43 20 13 51 13 44 11 84 100 27 70 14 69 98 46 97 22 74 33 51 99 1
97 25 73 22 79 90 6 38 25 34 68 55 17 8 68 28 54 15 70 66 7 88 30 9 87 82 100 58 43 84 2 28 55 44 68 32 6 22 90 51 97 79 2 78 36 72 12 44 52 42 64 15 97 17 25 63 27 64 66 53 32 17 85 47 37 46 13 95 23 20 31 50 35 30 58 8 21 68 89 82 9 56 47 55 62 83 90 9 6 35 70 11 49 33 58 76 30 58 77 80
71 9 46 71 85 65 5 38 31 54 38 93 72 7 71 43 58 67 83 17 49 53 96 93 41 88 57 58 39 31 10 31 74 93 55 47 100 80 90 23 59 7 100 94 75 44 30 87 81 24 24 94 61 48 61 39 9 9 22 20 77 92 10 51 82 56 14 94 47 45 54 24 21 86 44 78 31 30 44 25 25 88 29 25 69 96 8 42 7 9 37 91 12 89 35 68 26 56 80 3
5 97 23 26 40 78 63 61 56 99 82 78 92 18 85 22 56 27 64 52 81 95 62 12 59 1 83 56 11 86 95 56 86 3 24 25 39 96 5 43 15 90 96 17 25 3 67 54 7 89 14 57 61 63 19 76 39 12 67 91 53 68 25 33 41 73 84 41 75 44 2 66 28 21 69 9 31 54 4 9 25 72 9 55 97 88 72 40 59 90 36 50 2 47 60 35 29 42 70 64
67 66 33 39 98 62 8 34 65 77 62 8 81 39 50 89 99 77 33 89 19 74 35 24 55 43 11 11 23 100 49 46 3 68 8 87 21 62 42 48 1 78 37 80 43 20 29 93 99 42 69 38 60 45 13 47 50 10 50 73 38 90 14 38 9 68 92 50 26 7 43 74 4 31 39 43 97 12 94 37 26 72 89 31 33 25 63 23 24 15 59 67 38 56 61 92 71 73 40 35
63 7 41 4 49 22 34 49 68 1 56 89 43 77 92 66 33 54 61 88 54 74 86 92 24 47 49 36 46 69 33 16 76 47 86 4 86 91 1 19 88 43 37 5 24 49 9 50 76 70 1 93 76 72 80 31 25 35 97 98 71 11 11 21 12 70 43 20 79 3 33 62 45 36 90 40 42 91 20 8 80 83 12 93 16 59 82 76 53 10 93 25 25 48 79 5 8 41 89 91
8 71 34 56 94 45 80 98 2 34 69 6 11 47 37 37 79 86 27 29 64 4 97 28 49 29 80 1 76 86 88 70 32 41 25 21 16 85 22 98 37 31 59 40 72 56 62 21 67 65 41 70 32 44 40 78 64 77 80 57 95 14 15 91 21 17 51 86 65 89 18 65 50 33 88 79 85 40 24 92 88 61 30 24 41 47 63 58 15 48 64 36 90 53 57 5 87 41 45 32
34 19 32 25 48 29 8 78 40 39 31 91 28 74 77 90 39 3 97 78 25 24 8 84 95 63 93 82 98 17 45 91 67 19 65 55 9 80 56 16 39 9 49 85 36 41 85 46 38 8 31 16 1 72 14 10 3 98 22 83 24 17 25 28 53 85 9 98 78 1 29 66 6 84 18 95 56 92 64 62 50 99 80 61 15 68 48 22 30 34 81 15 8 58 31 91 2 80 54 11
29 58 51 94 10 84 67 13 38 45 63 49 35 67 44 86 80 59 80 98 33 29 94 19 10 47 22 52 49 47 40 73 54 74 82 5 49 98 56 6 28 60 9 20 50 77 92 56 89 71 27 59 78 86 64 22 62 69 1 7 97 70 61 79 95 91 82 34 48 70 79 56 67 56 74 13 75 78 3 51 96 75 11 54 89 84 51 79 57 76 55 48 77 44 86 57 63 81 70 53
82 81 88 45 79 32 47 63 89 40 39 20 98 78 70 51 72 27 33 70 65 83 83 71 65 33 46 45 98 25 17 85 68 76 37 62 44 6 19 61 36 49 78 44 47 70 42 53 47 17 64 85 47 54 9 74 55 43 30 20 53 21 26 58 87 53 65 26 100 58 52 33 77 23 90 52 58 9 29 29 47 29 58 62 98 70 63 95 66 17 33 50 97 56 83 20 76 16 96 35
6 66 86 15 95 84 41 15 33 48 83 95 52 71 53 15 44 39 54 14 54 81 83 8 67 26 70 55 61 19 26 29 65 89 12 27 97 18 74 92 5 84 75 64 63 95 38 17 92 42 44 77 95 22 66 53 16 63 14 25 19 42 41 63 48 60 81 15 26 49 19 98 38 94 99 68 43 47 34 17 63 55 11 66 64 33 52 30 70 32 48 84 63 56 83 36 60 25 30 47
31 3 86 42 39 35 98 52 41 49 85 91 96 34 91 68 24 23 16 43 35 28 5 34 13 42 45 70 44 89 17 98 96 16 96 73 17 71 86 93 62 93 9 33 96 64 19 69 48 95 98 90 17 9 49 32 60 53 85 70 41 27 24 75 66 56 79 36 88 57 36 81 66 12 61 5 69 42 22 9 38 68 13 94 41 72 80 19 48 29 10 37 97 35 93 45 23 54 51 29
23 35 54 8 73 7 45 90 69 25 56 71 23 3 40 42 57 39 54 4 44 36 27 92 17 47 49 34 33 66 10 11 46 19 7 12 78 47 47 72 50 34 96 56 15 96 87 29 97 82 87 35 20 12 57 2 94 25 69 34 41 2 7 82 9 63 65 63 18 57 49 4 93 17 64 22 62 10 1 28 12 6 2 88 97 69 95 37 21 42 75 9 17 52 78 22 90 95 93 60
55 33 66 17 60 62 1 54 53 84 43 63 87 27 54 33 90 71 28 11 31 44 12 82 93 1 29 86 68 80 57 66 46 27 70 90 77 58 4 33 3 58 67 53 72 80 93 46 4 30 83 30 35 66 46 20 5 41 40 16 37 49 95 44 98 21 82 47 54 5 90 72 50 92 52 89 49 37 100 56 87 1 11 77 68 87 66 57 1 26 63 40 6 100 21 26 71 86 25 61
79 15 5 49 50 9 21 18 45 40 76 80 70 36 93 53 19 83 59 19 78 56 66 9 46 75 38 71 31 96 66 50 70 78 58 45 82 38 25 38 24 84 51 50 63 12 96 52 72 67 52 25 20 29 65 94 61 79 4 58 94 90 23 74 43 10 7 11 41 95 15 35 2 48 94 96 96 60 10 28 5 83 5 56 94 60 13 75 82 42 1 61 18 59 36 69 99 59 12 38
70 41 46 48 87 27 97 61 18 83 40 68 22 68 88 65 4 88 27 63 61 23 13 67 57 84 33 75 48 73 17 29 2 96 32 4 69 36 96 85 35 40 25 69 37 43 29 67 62 48 35 57 22 76 95 100 57 78 98 15 50 33 36 78 83 98 72 69 50 89 55 6 29 50 94 81 25 5 84 68 41 27 31 62 34 8 86 27 48 2 27 81 38 26 38 81 85 33 49 5
19 16 5 85 33 69 63 78 72 16 65 5 80 13 57 24 91 4 14 54 84 22 71 9 93 91 29 38 96 78 45 62 93 40 53 83 33 6 58 16 83 76 97 36 55 51 65 16 43 4 100 6 80 44 65 11 31 4 58 31 33 72 62 32 20 77 80 90 26 72 85 45 27 100 66 40 66 87 94 8 1 36 95 45 69 74 25 53 18 72 97 73 2 37 52 81 59 86 50 94
42 25 97 5 54 80 60 81 47 60 58 97 32 44 65 34 76 42 20 3 47 61 99 70 24 94 52 20 99 1 87 1 86 30 23 83 94 66 34 55 24 72 97 38 69 98 46 66 81 16 25 7 47 61 11 34 38 89 13 26 15 66 23 65 36 35 19 76 60 93 15 45 5 33 39 26 75 20 59 31 14 41 81 3 81 15 30 2 22 59 48 47 72 88 73 32 30 55 44 92
72 30 29 51 81 63 80 47 83 22 97 45 1 100 67 49 24 38 90 6 94 63 66 37 11 27 82 31 18 29 56 58 59 26 23 25 68 24 96 81 12 46 44 11 78 3 91 27 52 90 39 15 6 23 12 19 35 75 38 43 23 60 77 29 97 32 1 87 12 40 64 44 91 88 100 40 35 82 84 21 28 54 54 2 48 7 87 97 67 31 31 22 87 75 66 57 85 41 63 41
72 4 35 4 29 32 86 66 11 55 99 10 76 55 65 18 70 12 98 46 26 15 20 36 98 68 54 70 60 26 49 97 98 93 62 92 36 29 74 37 78 54 57 92 81 5 90 56 10 82 3 84 51 76 70 55 78 86 26 52 51 47 88 98 8 76 93 58 99 85 21 63 26 7 99 44 48 34 64 56 57 60 33 25 56 52 42 56 58 30 59 68 46 92 55 44 89 62 49 57
62 76 65 25 94 66 87 59 77 2 59 64 64 63 56 66 18 87 47 81 65 32 38 79 91 28 61 12 10 66 46 60 47 42 54 16 8 93 18 44 91 30 22 30 28 62 84 13 4 8 53 77 24 69 17 64 29 52 74 29 57 63 75 80 73 26 52 44 99 46 60 40 98 3 11 50 33 74 94 49 89 99 9 63 19 38 75 88 68 4 70 75 10 29 61 66 89 80 8 20
55 66 85 85 37 91 8 73 3 95 64 69 74 46 70 90 81 100 79 7 82 59 89 36 99 97 75 49 42 51 41 55 24 70 23 89 90 57 17 91 55 80 85 54 63 82 69 49 30 85 17 76 13 78 92 15 67 9 29 48 98 23 9 95 13 17 32 78 81 84 11 37 91 34 37 74 64 87 80 21 33 44 85 64 84 39 91 2 74 92 69 13 12 12 14 9 81 59 31 82
19 21 69 55 75 85 73 55 21 8 73 91 63 66 35 21 97 66 9 98 44 24 55 51 69 14 19 21 74 82 97 89 71 40 7 92 17 70 65 68 92 52 99 7 11 95 94 30 54 82 97 55 58 85 13 69 74 22 49 80 33 71 62 89 20 26 41 76 41 58 38 47 38 63 100 38 64 16 31 33 31 57 55 73 37 67 30 77 36 70 57 73 100 96 20 77 14 60 38 54
5 64 23 77 94 93 27 93 11 19 16 46 6 14 64 1 93 42 15 70 79 95 20 99 9 28 80 53 26 96 47 82 36 42 100 4 75 58 71 31 1 38 81 24 59 17 87 48 80 57 79 80 1 13 48 35 29 29 60 76 99 57 69 96 30 7 100 94 43 45 99 60 92 7 63 58 44 3 86 49 67 3 53 67 18 2 59 33 8 41 20 92 65 68 66 8 95 66 24 59
15 83 74 66 85 3 100 100 16 22 27 80 35 23 27 19 25 27 84 90 62 26 94 30 30 48 43 91 97 42 49 29 74 35 70 63 100 90 8 89 72 70 13 63 43 11 86 1 100 12 91 66 65 73 41 86 73 43 37 90 9 79 53 2 81 93 35 2 92 14 70 73 54 1 18 50 26 92 3 83 28 86 3 17 69 67 7 39 56 44 17 50 4 95 35 44 41 29 91 42
13 2 26 93 86 89 10 84 29 97 50 52 64 65 23 72 3 61 50 60 27 71 25 7 59 43 82 80 51 55 81 72 93 11 78 6 95 29 56 48 96 57 6 71 76 66 36 95 38 95 20 3 43 80 34 59 72 87 5 5 89 40 38 94 69 16 67 28 30 1 20 39 44 24 6 3 64 74 98 24 89 94 86 53 44 100 96 11 63 14 1 33 25 59 66 26 17 90 35 98
40 32 89 47 98 44 49 100 19 2 74 84 88 20 72 11 13 65 1 89 99 66 84 14 81 95 57 45 50 13 92 23 41 12 95 15 17 25 15 84 12 5 78 4 45 3 58 14 43 93 72 31 85 99 5 29 29 16 15 72 73 41 8 42 42 42 98 48 81 50 18 45 24 45 28 77 59 31 68 93 46 48 38 8 92 83 60 44 65 65 34 97 55 53 23 13 23 57 5 92
71 23 79 85 73 94 37 89 79 27 93 66 56 99 9 95 92 80 14 13 33 37 49 1 64 44 88 19 66 21 53 29 99 47 17 8 100 39 42 39 58 58 32 9 80 36 41 79 36 83 22 19 18 89 89 93 93 94 10 95 93 74 39 7 96 19 90 89 42 94 79 1 35 1 56 91 36 92 1 42 16 41 56 12 10 62 1 26 18 36 59 67 13 67 31 80 63 64 15 97
1 3 74 2 44 36 89 8 62 18 80 62 19 33 57 73 67 16 79 9 65 21 35 66 98 33 79 40 20 28 12 87 77 95 49 83 54 15 7 30 96 36 38 9 29 44 65 25 42 32 40 40 31 21 62 77 2 33 14 55 29 81 28 59 61 58 58 18 90 47 71 73 29 87 65 43 25 62 47 37 59 20 43 21 42 5 63 52 93 7 30 13 84 61 18 2 45 52 100 22
95 58 70 40 43 48 77 69 58 45 86 13 75 24 67 28 11 95 49 50 38 51 52 33 30 62 17 51 69 10 29 42 55 29 38 26 39 99 56 52 70 96 58 36 47 86 11 38 50 23 34 38 3 16 30 38 22 21 100 75 46 23 100 2 16 71 46 64 95 99 74 68 76 9 54 91 36 12 34 74 6 91 99 80 29 40 22 99 68 22 15 13 9 69 87 64 78 71 7 57
57 66 11 57 61 88 51 92 58 52 86 10 54 89 93 65 72 78 74 98 65 69 11 1 69 96 98 45 98 25 61 67 3 23 99 26 96 88 57 70 13 60 24 88 42 32 43 24 50 1 24 68 32 87 24 10 68 36 52 96 80 50 88 86 99 82 38 84 54 27 62 15 7 30 56 92 59 89 11 8 32 36 61 55 15 94 50 56 62 75 57 22 12 23 23 65 19 80 97 22
88 96 86 31 51 30 56 99 37 10 66 73 98 50 63 27 3 58 31 14 60 46 88 96 88 1 38 5 70 100 10 50 17 28 75 83 52 73 28 97 69 57 45 13 5 22 44 75 81 84 9 96 18 58 83 78 61 29 25 85 47 99 19 46 61 30 46 35 35 5 72 94 49 8 88 82 18 55 64 71 42 80 36 27 33 36 16 23 90 88 13 34 95 65 32 26 19 88 46 94
12 32 81 40 38 74 65 86 95 79 79 52 90 33 10 78 66 82 27 13 37 70 32 89 4 28 27 37 46 97 62 73 44 31 21 59 43 77 9 33 82 56 58 93 15 91 85 64 44 69 52 90 39 90 68 48 29 55 83 49 6 81 77 3 26 76 43 77 25 82 18 85 94 49 75 94 63 77 74 18 30 86 41 40 10 8 17 10 8 74 49 26 55 83 7 8 33 51 6 59
89 92 67 54 97 48 54 20 89 36 19 12 73 19 72 71 44 91 99 41 62 80 94 95 30 60 2 26 3 52 46 70 20 79 100 75 13 55 1 9 95 59 86 3 38 89 65 39 32 45 97 1 20 23 2 47 71 85 28 9 46 5 26 82 66 6 31 92 49 48 97 68 56 80 94 2 60 9 45 57 80 47 70 99 97 57 50 62 50 72 48 12 25 56 1 55 90 8 21 78
25 85 38 84 42 24 18 55 40 90 64 80 12 1 43 93 45 52 33 64 42 82 48 9 21 9 91 52 80 12 77 12 43 29 75 58 68 99 17 11 23 18 2 45 3 85 5 4 46 12 72 99 18 81 30 92 16 46 48 92 59 77 99 59 57 10 6 5 35 85 17 99 38 74 10 91 2 25 61 43 6 61 73 32 62 11 37 14 96 34 94 67 49 53 14 3 94 56 44 83
95 98 38 55 17 19 1 88 51 11 10 88 8 39 16 58 61 84 57 61 98 50 26 8 10 73 19 23 100 96 80 16 85 28 36 20 66 26 41 15 14 76 2 41 62 69 12 15 20 68 66 68 11 7 72 1 69 9 8 21 48 44 14 93 59 54 41 26 83 14 30 29 28 86 98 94 70 56 38 78 46 55 56 72 15 70 74 82 97 22 57 44 6 97 60 56 55 89 12 61
92 69 26 96 60 7 14 85 93 90 31 34 10 32 74 2 86 65 97 56 95 64 86 79 51 5 54 13 40 42 16 4 77 78 76 73 37 75 44 16 84 66 97 95 48 28 79 38 54 35 52 1 76 47 41 93 48 97 34 52 12 27 50 47 81 22 30 48 9 50 67 33 7 45 23 26 20 16 88 42 1 44 12 62 80 43 50 76 93 40 33 13 63 14 44 2 12 8 81 76
51 68 3 41 12 87 13 82 73 72 82 66 39 39 89 40 9 27 8 74 58 39 94 22 92 47 58 91 9 74 59 45 39 82 17 30 46 35 59 54 80 15 61 17 68 91 98 44 87 14 3 100 18 77 96 73 25 100 31 4 46 83 45 65 40 79 24 63 24 61 31 24 22 42 84 98 66 35 39 49 38 81 72 2 36 68 89 31 17 68 84 19 46 55 38 14 56 40 26 96
11 91 96 27 20 61 73 65 100 69 100 69 20 29 25 43 2 62 59 94 31 3 16 60 21 6 33 37 25 22 78 96 99 78 21 94 24 66 91 30 69 4 46 51 46 7 31 56 54 45 43 7 94 19 97 49 61 57 16 2 62 9 24 61 90 32 7 7 99 12 36 90 26 20 25 59 1 96 77 72 5 27 2 75 96 77 70 48 99 17 23 75 25 83 1 65 76 7 30 97
30 14 45 90 41 99 73 94 48 36 96 4 27 76 76 76 47 63 71 19 88 26 77 57 51 79 36 2 8 52 37 26 23 91 88 16 69 70 5 72 18 27 26 28 75 87 19 16 2 81 11 39 60 9 99 48 59 3 35 41 20 51 25 36 64 40 99 44 19 54 62 91 97 76 83 71 48 95 83 15 41 32 97 8 92 43 50 97 74 43 50 24 95 94 95 100 90 11 45 69
33 3 56 45 36 89 10 38 28 32 98 17 77 71 98 32 25 14 39 90 53 25 37 21 11 2 95 49 77 55 24 37 18 88 88 82 42 65 57 51 16 37 49 78 59 25 27 50 68 73 81 38 52 27 50 65 43 19 61 75 94 82 42 84 71 72 27 26 41 18 78 26 24 12 27 31 1 12 18 51 68 7 20 53 64 52 93 58 32 28 72 24 34 67 44 3 37 74 35 84
45 40 5 20 83 69 80 18 37 16 7 2 31 19 26 82 41 65 26 66 41 43 57 83 17 3 17 46 82 12 37 88 34 16 30 99 37 65 99 4 8 35 9 63 49 31 58 66 30 38 71 34 2 96 79 68 13 73 6 61 59 72 61 27 97 79 52 9 15 48 39 68 86 50 60 77 95 83 18 39 62 20 71 75 56 78 26 71 47 92 46 6 3 24 3 48 78 42 4 88
34 50 19 62 65 58 18 63 17 47 50 23 52 25 54 33 75 59 98 77 62 6 100 59 3 35 86 50 77 70 54 71 67 3 55 87 59 50 40 70 98 67 12 43 20 47 58 81 26 61 98 51 49 37 24 73 3 73 94 88 33 27 14 20 89 64 23 46 48 16 90 63 3 33 87 78 22 39 9 1 96 15 65 48 58 52 42 90 35 18 39 33 44 32 29 53 90 37 23 55
94 89 11 31 44 40 79 86 69 62 89 17 40 16 67 26 95 46 49 70 54 95 26 87 64 53 27 31 26 40 93 71 98 28 10 74 22 75 21 35 81 95 11 34 31 92 52 80 73 79 48 83 43 93 11 97 85 12 88 15 51 39 28 85 70 41 62 88 43 81 93 39 59 55 91 62 52 46 36 48 42 65 87 5 82 43 35 37 74 57 11 45 46 32 81 21 97 21 16 89
26 46 87 29 69 1 70 79 44 63 20 5 94 29 93 24 39 88 81 33 76 8 11 28 100 39 80 37 41 63 67 15 30 15 57 2 36 61 75 47 51 36 71 58 32 56 78 86 44 98 50 10 90 47 60 48 45 100 17 1 34 98 88 66 29 46 33 51 70 68 58 70 33 26 88 60 57 22 12 90 15 32 40 45 69 64 49 99 7 49 89 68 96 87 94 92 45 64 20 10
63 29 80 37 47 61 61 43 59 23 97 57 82 63 99 21 30 34 84 92 23 63 18 63 29 51 31 8 38 47 39 18 18 85 23 55 21 80 85 57 10 49 30 70 77 9 67 45 32 39 55 98 91 23 16 11 79 52 71 69 59 56 93 27 47 85 88 84 40 28 24 90 82 33 74 98 35 42 33 10 26 30 36 69 95 95 87 17 5 16 37 56 49 47 57 92 49 34 39 80
96 79 54 89 96 24 29 36 45 48 66 3 80 66 81 55 77 74 95 79 80 36 83 78 91 43 99 52 9 99 11 25 91 54 49 30 39 62 82 78 27 64 33 49 35 35 23 40 26 66 33 43 63 25 61 98 12 81 40 92 22 2 22 74 67 38 46 48 25 19 9 23 40 92 90 72 49 43 68 11 70 54 49 83 81 79 76 43 15 37 53 26 72 68 1 62 20 35 10 97
82 46 91 18 58 68 15 4 76 76 54 90 53 77 10 61 79 38 48 71 75 9 74 86 12 69 17 26 14 47 8 45 82 70 51 18 99 9 81 58 44 96 46 96 40 25 30 25 94 1 52 86 63 52 78 26 19 15 18 65 8 81 94 16 74 30 93 40 88 85 36 61 69 90 4 30 81 51 15 8 4 58 88 87 36 21 68 49 83 50 34 18 94 45 67 38 33 27 74 70
96 90 12 2 2 95 65 62 51 45 5 27 1 22 58 93 69 64 32 3 46 76 89 33 38 88 55 21 85 79 25 59 21 98 65 65 96 56 98 83 33 81 100 65 26 89 41 55 11 91 87 19 5 58 27 88 42 48 49 94 74 33 83 36 44 22 9 75 1 13 6 86 43 51 36 77 14 66 6 10 62 71 23 76 95 84 9 77 55 60 80 39 61 9 93 93 34 66 88 95
88 51 35 30 46 65 1 47 48 86 38 11 61 10 73 24 82 19 21 97 45 29 17 45 24 6 21 24 81 47 42 68 30 3 36 60 8 70 45 51 80 78 29 51 56 6 4 52 28 74 92 2 82 85 45 69 69 41 86 12 23 50 95 44 100 59 24 11 7 25 58 38 20 88 25 23 14 39 18 26 92 64 67 16 38 73 45 76 87 86 1 80 76 53 83 16 12 1 77 49
46 60 16 48 100 9 83 9 68 7 30 53 14 4 61 9 9 72 45 37 46 60 33 28 40 40 80 74 79 72 93 33 13 91 88 51 58 94 68 77 49 98 48 86 63 93 71 79 7 86 83 7 40 44 7 81 13 87 32 64 98 6 82 3 17 89 30 48 12 70 61 57 98 89 65 63 48 77 84 84 14 11 38 50 92 92 87 84 81 30 100 87 94 33 8 40 64 29 98 34
14 52 55 60 69 2 20 38 65 47 33 13 82 83 32 100 37 3 88 92 40 1 31 7 88 28 20 20 94 28 22 80 85 76 33 25 2 3 9 3 69 78 57 62 8 84 41 2 95 64 82 98 35 27 75 63 54 71 41 4 97 96 35 84 98 50 62 4 34 18 24 56 21 74 70 14 26 48 31 26 100 58 13 85 95 48 93 81 13 97 33 70 73 49 90 57 78 91 61 25
70 46 87 17 82 87 74 70 55 31 7 29 50 39 82 7 43 23 11 98 84 100 79 77 98 15 22 46 60 70 39 93 84 46 20 72 16 64 43 80 53 65 64 39 90 7 78 56 87 86 43 87 6 25 56 86 80 100 32 91 64 30 34 89 53 43 88 8 29 26 41 27 61 52 69 83 15 17 96 69 51 4 25 20 42 82 7 21 13 92 97 25 70 6 5 34 1 9 79 52
34 89 86 14 87 65 47 16 39 19 100 95 99 67 34 54 26 78 85 77 85 12 67 43 55 38 52 8 16 52 54 49 57 9 24 3 49 89 80 59 96 47 73 37 50 74 40 68 39 17 96 87 73 34 12 95 80 14 98 80 99 63 55 51 83 50 14 37 99 41 19 87 67 9 58 28 21 44 61 36 76 46 79 91 15 66 59 34 79 28 74 1 42 81 27 95 34 6 9 66
17 95 63 96 57 41 89 28 56 98 82 68 89 71 13 48 76 30 100 70 19 96 3 67 92 79 39 54 4 66 94 65 61 15 39 78 77 8 49 57 9 47 55 77 14 24 77 85 37 94 24 81 46 36 89 57 85 8 49 88 25 66 67 19 86 88 76 65 67 94 63 85 72 2 23 83 40 46 43 9 57 67 69 29 12 32 55 41 56 16 23 55 30 10 11 76 56 23 80 85
63 45 55 57 15 75 59 46 37 69 14 39 90 57 74 3 61 66 21 84 81 15 75 93 60 10 99 79 62 66 58 52 60 43 10 96 41 73 70 11 73 66 54 6 81 12 63 56 31 95 87 6 6 71 23 36 2 41 68 80 88 79 18 12 96 96 91 20 14 68 50 93 48 68 35 86 8 19 1 34 31 17 37 99 86 32 16 54 55 6 1 38 27 67 89 32 24 8 11 94
5 91 93 24 3 99 32 72 58 16 61 96 25 48 56 36 51 55 1 26 86 67 27 4 16 61 53 64 49 16 36 30 88 20 72 32 96 9 51 24 84 63 61 7 78 73 93 95 14 93 82 25 57 2 80 42 3 52 5 19 52 93 99 59 93 35 22 3 1 64 77 16 62 68 20 91 91 84 72 7 66 67 61 92 61 26 9 71 37 80 43 48 34 41 5 67 39 35 31 67
81 6 91 46 12 62 81 84 17 83 68 97 30 77 65 49 78 69 75 55 72 76 98 78 51 32 3 76 50 18 27 28 44 46 63 37 12 54 94 36 96 81 60 56 26 76 61 70 90 32 3 5 53 39 60 49 67 84 22 4 51 36 14 28 10 54 86 58 89 46 40 44 96 43 18 52 66 84 57 4 23 40 79 62 1 19 47 89 48 46 74 43 96 46 10 2 62 66 3 79
