36 23 45 16 36 29 8 62 21 80 17 64 74 61 66 29 49 56 15 25 23 54 44 57 51 38 28 34 11 36 58 76 69 69 37 57 10 95 9 93 45 53 100 80 15 88 69 83 55 57 49 67 55 18 12 43 40 11 75 19 37 78 90 81 89 1 79 44 49 1 80 1 78 93 45 67 41 27 50 100 27 77 70 1 82 53 27 86 72 87 27 46 30 73 37 31 46 31 28 49
73 25 62 11 28 32 37 26 69 13 72 97 8 26 28 57 99 79 43 43 80 57 50 84 25 95 16 90 62 68 26 62 14 53 58 59 14 8 83 44 23 53 68 13 31 77 67 2 73 97 48 44 6 35 48 11 30 85 7 100 65 67 42 34 18 93 12 74 79 88 54 35 53 11 81 59 76 18 8 84 30 23 48 59 40 46 97 42 64 57 88 8 93 19 21 56 26 76 19 76
92 34 80 22 17 18 28 32 48 95 89 50 95 41 39 65 58 91 93 99 63 40 93 73 24 43 41 93 66 61 9 29 8 7 39 49 14 14 64 82 80 7 37 83 8 97 16 5 85 25 20 77 90 50 26 71 23 90 92 1 20 90 23 69 99 24 42 82 38 60 39 67 51 75 61 16 12 90 6 35 2 7 66 70 69 9 72 34 69 88 28 75 44 63 51 21 74 37 19 73
55 80 37 92 79 5 9 54 75 86 32 32 75 86 86 100 56 59 81 73 46 54 64 65 5 40 6 46 17 100 36 67 69 92 57 14 51 22 97 13 99 21 45 78 21 79 82 43 69 83 19 17 62 90 73 99 100 70 13 83 52 78 6 88 80 39 55 1 78 44 9 58 1 10 64 1 88 71 10 70 67 20 50 12 45 78 58 67 75 71 22 73 74 40 10 66 3 65 99 82
7 61 32 17 6 24 58 42 17 51 95 63 60 23 30 53 5 47 21 81 66 83 48 36 48 92 50 77 20 93 16 15 27 42 99 67 68 54 22 79 35 45 10 54 46 21 49 6 10 1 95 79 40 68 90 2 1 83 99 11 57 1 48 83 63 96 90 14 7 46 55 60 19 16 33 29 65 36 57 92 40 25 47 36 34 85 81 27 97 39 92 83 77 44 67 52 99 76 6 69
80 97 52 25 87 70 16 57 43 8 10 84 10 67 34 3 46 58 57 17 53 71 74 79 51 79 51 85 30 28 45 8 39 2 79 73 48 1 66 43 12 35 20 86 85 47 62 44 4 19 60 44 17 83 22 50 36 83 32 55 49 89 18 1 48 49 71 91 85 74 67 89 76 36 96 91 86 13 52 42 44 38 36 72 56 9 16 13 81 85 22 67 58 31 24 12 22 50 39 86
65 18 83 88 54 11 48 7 73 62 96 54 66 48 63 77 35 58 75 35 16 51 49 27 55 46 96 93 37 44 11 65 14 71 2 1 81 43 19 64 62 6 12 24 95 22 45 17 4 10 92 53 35 3 21 41 65 55 45 6 98 16 2 94 77 54 2 8 35 23 54 61 9 65 6 17 38 61 71 88 87 11 6 37 39 100 39 1 51 24 94 46 3 36 53 50 57 1 30 53
10 90 3 87 91 50 41 36 79 59 24 19 55 2 81 10 64 80 44 61 52 36 96 75 19 61 28 4 4 38 54 25 35 48 9 85 28 35 81 29 5 7 44 60 50 54 59 87 88 3 65 12 31 47 77 90 92 91 50 74 69 88 58 80 30 96 38 67 96 56 4 99 34 34 84 46 58 42 52 52 19 12 17 34 49 26 39 37 65 69 58 62 72 94 19 35 62 36 23 5
13 9 50 37 25 63 13 61 44 16 14 71 42 24 65 80 30 53 41 4 47 11 47 24 91 54 94 31 38 2 8 46 45 58 19 100 27 63 10 99 72 76 36 55 83 62 27 80 35 9 32 82 12 14 77 8 24 75 4 16 47 61 85 40 63 7 21 96 38 18 48 77 34 49 7 12 97 40 43 10 68 68 55 88 49 3 53 63 9 50 69 81 44 91 75 68 19 19 85 48
15 7 19 79 99 62 83 90 63 47 24 31 40 60 19 57 71 19 58 95 73 86 11 14 13 27 3 54 26 1 48 73 48 8 31 90 19 72 50 85 25 18 49 79 98 97 86 53 29 63 82 46 15 9 39 66 31 89 55 65 11 89 81 17 38 91 63 89 34 46 83 27 69 18 29 90 54 95 14 55 22 16 54 16 21 4 3 13 90 86 90 21 92 61 24 40 85 35 53 40
37 34 13 96 1 45 89 63 46 20 81 56 99 20 13 32 50 98 33 33 34 30 28 85 91 21 4 74 13 64 73 33 89 76 68 12 57 36 77 1 11 53 25 95 59 18 75 15 10 44 90 76 74 99 78 72 35 57 38 74 65 45 57 99 36 15 63 80 79 46 11 44 35 78 43 6 78 81 46 13 11 42 69 18 38 75 61 56 55 76 41 28 46 44 66 36 85 86 99 27
97 23 18 50 14 100 59 18 16 85 95 67 63 58 89 34 55 7 23 62 9 65 40 31 53 18 24 39 39 28 39 21 48 39 15 18 20 94 47 6 36 72 94 32 46 15 83 35 84 17 12 1 59 61 88 59 32 31 79 58 72 86 21 32 12 19 26 80 33 100 67 91 26 25 91 9 100 33 74 23 18 78 11 21 55 71 87 12 35 51 56 55 29 18 42 46 14 69 97 4
78 24 90 98 46 72 62 16 67 48 56 100 31 76 39 34 82 23 7 49 92 34 52 72 86 45 33 56 38 58 54 100 69 9 93 72 56 21 48 80 70 50 1 92 16 54 89 42 53 27 30 38 44 34 99 12 22 97 79 73 71 14 33 19 57 65 84 12 60 17 25 40 4 48 85 16 71 16 7 53 30 47 20 31 6 20 6 53 31 18 91 57 38 21 12 39 97 21 14 2
44 34 21 62 41 6 83 64 81 45 22 65 71 83 38 89 93 70 56 56 32 51 100 42 58 94 84 30 61 7 57 24 54 79 35 71 24 26 38 15 84 2 40 94 52 94 14 1 76 70 34 1 75 65 64 41 60 66 32 68 47 68 13 35 35 5 89 90 68 24 6 73 4 60 14 52 58 33 22 56 69 76 24 20 2 39 61 72 24 91 96 10 79 75 81 81 5 84 95 93
38 68 99 86 51 32 75 34 86 78 79 9 87 50 29 5 39 70 36 33 87 51 86 63 67 20 75 76 30 69 58 72 96 77 88 96 86 86 96 28 67 99 20 94 88 54 88 19 25 60 7 58 92 53 48 61 19 36 89 20 7 67 57 38 53 79 17 77 99 8 37 73 15 6 70 5 14 8 84 76 46 1 54 43 24 48 93 64 66 94 23 25 21 52 23 38 94 79 26 17
34 35 37 34 44 31 23 15 21 84 80 61 34 23 4 19 60 85 53 19 44 89 84 81 21 84 20 5 76 64 15 33 75 80 37 3 38 42 75 2 77 88 73 35 95 66 4 50 37 83 81 70 36 13 59 91 73 89 92 19 65 12 47 72 64 61 27 25 54 83 19 94 82 59 20 32 18 25 90 37 42 74 32 97 50 54 69 26 65 45 54 88 92 32 47 46 32 80 56 91
24 8 49 20 21 16 45 17 62 32 46 12 36 80 85 22 13 86 78 61 86 48 73 54 58 68 51 56 5 75 62 94 52 9 34 92 37 86 78 84 32 57 12 42 61 79 37 90 12 33 32 2 52 42 86 96 68 69 43 26 95 9 25 97 81 1 2 90 11 26 7 94 60 90 1 15 7 16 98 24 33 14 96 39 35 21 87 56 37 60 28 22 99 73 40 70 68 44 18 94
34 73 26 58 83 33 4 36 65 68 97 18 50 74 50 53 10 44 29 14 22 36 18 32 76 46 33 70 87 16 42 52 67 61 2 44 30 3 96 94 64 81 90 61 5 47 22 22 62 81 65 5 38 22 26 35 48 81 4 85 16 86 90 52 81 98 29 13 73 76 15 58 34 64 72 99 3 61 41 16 34 6 31 27 25 40 87 36 42 83 79 39 72 12 3 63 54 40 20 47
59 76 98 18 80 55 60 37 14 45 23 68 10 13 43 91 1 38 66 76 97 35 98 31 100 96 6 36 36 30 16 12 22 76 98 38 24 91 49 67 37 88 100 6 53 86 63 10 75 48 59 77 97 75 53 57 41 2 48 92 44 84 75 6 84 96 33 50 78 61 28 87 15 36 60 89 14 68 4 3 39 7 96 47 87 66 59 94 96 34 17 89 7 100 20 8 61 39 69 99
1 32 9 7 40 3 28 38 88 99 15 98 32 13 71 72 57 37 58 53 97 6 68 82 34 85 87 99 77 84 61 88 31 9 1 2 29 37 55 40 59 39 97 96 65 92 26 70 65 99 43 2 48 93 3 28 95 16 74 98 80 6 27 16 65 2 68 95 23 79 87 63 73 9 7 6 6 40 67 11 16 20 29 48 15 49 81 22 21 63 53 26 37 3 19 42 4 97 91 19
81 4 52 31 97 98 48 4 40 67 52 3 89 68 68 93 6 66 52 89 4 73 25 57 81 12 25 94 54 98 26 43 50 31 100 67 100 56 56 38 85 47 1 14 91 62 19 35 69 72 67 47 95 44 96 10 21 75 48 4 34 24 47 32 19 1 16 64 45 84 39 52 5 15 7 34 60 86 30 42 83 67 6 89 88 45 87 6 42 87 92 40 3 41 4 47 51 24 79 13
2 28 8 95 4 36 56 38 2 98 70 59 37 45 68 10 50 23 34 34 90 32 81 43 27 61 58 29 10 67 93 45 1 37 21 30 45 75 26 96 94 60 25 53 86 37 79 94 64 45 56 17 85 13 6 48 48 21 34 36 52 86 99 18 47 4 48 40 87 7 59 6 79 32 73 88 46 70 44 51 34 75 95 29 89 57 41 82 87 82 54 64 71 37 82 77 87 29 96 95
7 72 46 86 90 74 2 9 98 63 89 25 20 13 22 10 9 71 71 99 64 56 56 48 61 78 86 41 28 63 23 6 66 86 5 97 16 69 52 78 78 42 25 98 89 2 74 88 9 66 45 88 38 9 21 57 98 93 63 21 100 61 88 39 49 51 88 55 36 77 54 50 67 63 58 75 82 60 12 16 46 1 75 75 82 38 1 35 45 30 14 22 47 97 39 27 14 88 3 73
96 54 49 83 28 56 22 91 40 97 83 37 76 29 29 45 76 51 13 27 56 6 69 36 35 78 28 36 4 26 81 5 23 68 94 87 66 50 72 45 68 94 91 55 72 90 39 26 76 3 16 39 55 35 20 22 95 29 70 5 40 66 59 80 92 15 95 25 66 1 52 7 74 12 20 46 37 38 80 78 88 34 20 46 66 29 33 26 47 54 49 95 40 83 34 66 37 95 71 34
69 7 11 32 21 92 5 7 100 92 64 14 62 48 62 44 71 91 83 27 23 72 96 91 10 51 85 6 30 48 79 71 72 11 88 70 98 66 88 86 82 72 62 46 6 58 20 79 96 45 63 49 67 80 23 74 32 74 2 18 95 61 49 40 28 39 66 46 98 12 61 57 9 42 6 68 9 28 76 19 37 69 68 88 43 21 91 83 5 75 40 5 90 13 76 50 24 99 62 31
72 56 4 80 98 29 42 41 80 99 90 96 34 36 18 36 15 10 93 17 41 32 47 69 68 12 49 60 27 49 72 57 23 15 56 61 75 35 92 100 19 42 34 65 57 36 69 21 97 8 71 2 38 67 95 15 44 18 59 33 7 31 87 2 10 97 70 88 72 2 87 25 23 13 12 11 14 96 86 20 17 24 19 58 59 82 86 54 6 35 67 65 46 67 16 32 50 31 14 21
11 74 94 63 24 77 95 81 14 80 31 72 32 57 54 95 22 64 64 71 78 17 74 84 57 30 18 89 9 92 28 84 1 2 91 47 28 55 99 62 38 59 96 30 20 14 29 72 49 8 68 1 100 60 70 36 94 70 33 34 27 53 11 89 84 72 60 77 92 31 97 43 4 82 23 36 72 73 60 61 56 78 10 68 8 30 100 81 72 36 54 93 62 32 44 46 38 1 42 24
22 34 6 20 60 21 51 32 31 9 89 76 87 35 72 47 95 30 15 16 23 97 63 67 79 35 86 89 60 5 12 73 52 33 7 71 87 46 63 16 97 97 26 61 69 4 97 8 85 11 35 24 94 48 23 16 36 38 11 56 2 17 56 100 24 14 65 79 100 71 17 21 67 47 36 8 79 12 97 66 91 37 55 39 55 91 45 82 32 91 26 6 62 80 31 94 35 55 61 13
3 77 29 21 19 92 11 48 48 1 69 12 14 44 7 32 36 12 94 46 26 8 20 29 5 22 85 29 35 44 7 12 20 63 61 26 8 66 46 26 55 36 60 8 85 67 39 49 57 63 80 61 51 51 48 67 57 87 65 4 27 21 19 89 31 33 84 17 39 20 69 18 6 76 76 46 2 62 33 76 80 44 18 26 48 43 38 29 84 84 14 91 18 1 3 43 97 5 28 61
64 78 57 14 64 52 66 75 44 36 45 39 7 9 35 28 97 43 88 32 55 72 91 74 15 50 99 14 87 25 89 4 98 84 14 91 31 99 61 89 10 61 18 26 41 61 5 22 12 6 82 64 83 66 59 34 50 76 1 26 59 61 46 10 6 92 86 75 76 47 44 92 52 14 55 86 19 15 60 95 3 25 2 66 40 84 71 11 9 20 1 26 76 91 60 96 67 51 13 81
41 50 34 75 20 29 73 15 15 22 13 36 10 54 33 77 52 42 79 30 23 3 58 6 10 97 85 59 46 15 67 40 74 7 61 24 19 73 91 40 71 54 78 68 63 5 97 77 51 68 23 26 87 20 18 29 45 92 27 46 27 69 79 99 86 11 23 47 82 82 29 23 36 8 5 41 37 71 73 26 39 94 83 95 20 95 80 49 3 95 96 86 57 52 48 78 87 87 75 46
84 92 48 12 32 76 32 46 4 84 17 39 67 30 91 32 99 72 40 50 48 49 10 13 43 78 31 32 58 27 29 82 83 95 29 77 83 47 61 76 37 44 33 65 70 86 69 35 26 3 10 4 10 54 79 97 66 24 90 28 58 49 85 72 2 37 79 61 6 11 81 45 6 49 82 45 54 46 5 70 99 99 58 41 63 47 4 61 96 76 26 7 54 63 72 58 30 32 92 56
25 41 36 17 56 59 32 36 23 24 24 94 67 99 60 17 77 9 95 6 76 57 52 72 89 15 24 97 72 89 88 77 11 53 13 12 70 79 36 83 41 19 43 17 29 29 75 46 19 65 10 89 67 31 11 59 29 72 29 64 50 10 43 97 10 8 25 18 19 21 74 19 15 5 36 62 95 96 69 96 65 28 58 28 54 12 59 98 25 4 48 92 16 98 99 98 44 9 86 66
95 85 82 56 82 64 32 44 59 54 90 30 1 71 65 63 56 29 98 72 43 29 97 62 24 100 9 55 99 77 45 39 71 80 68 2 81 10 95 45 34 16 48 56 89 16 12 59 14 13 79 36 42 16 82 12 28 41 1 51 82 42 25 85 87 70 15 40 83 22 41 94 67 18 3 89 1 4 41 99 71 53 79 100 22 13 12 32 90 77 79 42 34 25 91 17 57 8 42 56
87 75 93 79 63 21 31 67 45 99 100 67 76 3 75 28 24 68 71 79 22 90 29 52 20 21 8 46 83 74 89 60 27 22 10 9 16 45 33 51 59 42 31 6 99 57 69 50 64 79 5 81 36 54 60 11 41 69 59 33 85 8 6 13 28 72 60 45 5 93 37 65 62 26 96 63 77 70 86 27 68 25 55 71 49 88 71 79 95 88 36 10 25 66 81 34 50 48 34 66
18 67 86 30 48 22 16 16 55 25 66 43 84 70 19 21 74 76 92 50 82 79 47 17 46 72 27 8 35 8 4 45 17 70 18 27 88 18 45 28 35 60 14 73 19 91 63 41 86 28 84 41 61 49 18 50 65 33 19 77 52 86 22 85 71 89 52 47 89 47 85 37 37 99 7 14 61 73 63 74 74 17 42 17 31 50 40 38 5 27 29 98 70 77 17 35 80 62 9 8
75 16 92 35 25 82 71 31 15 67 86 53 51 21 67 15 27 50 56 74 34 42 46 56 48 44 54 76 41 36 60 31 96 42 67 92 60 22 44 97 87 65 60 94 31 40 69 56 53 42 16 95 30 94 97 92 31 71 95 20 70 96 21 61 100 56 77 31 95 44 13 26 24 98 36 65 80 26 96 3 83 99 37 32 96 52 88 37 94 69 59 24 83 50 23 89 54 63 31 89
84 75 50 7 69 60 69 65 86 93 88 25 32 81 25 48 14 69 8 89 94 86 36 29 74 60 92 18 1 33 98 66 35 88 1 41 12 66 89 66 5 88 11 81 47 100 98 42 48 19 97 75 47 56 75 50 40 28 46 19 87 82 93 19 65 94 34 49 94 71 75 77 74 82 57 9 67 45 100 45 81 87 75 37 46 55 90 37 76 9 18 45 94 54 67 82 95 40 89 78
85 55 17 66 27 9 92 25 3 69 90 55 6 50 25 34 38 84 47 25 34 100 39 76 76 5 7 86 16 11 26 70 86 76 95 7 96 88 48 35 21 6 88 15 55 96 59 79 14 56 10 79 64 52 94 57 86 86 45 65 59 62 71 44 71 97 26 4 93 52 69 29 66 83 25 57 10 39 24 83 80 43 57 33 68 63 17 42 33 1 35 6 91 43 68 23 52 71 34 39
87 73 38 9 73 8 79 59 37 26 1 31 86 96 97 11 21 86 20 48 48 86 58 46 91 39 40 80 60 26 44 98 49 11 22 74 61 78 86 92 61 29 92 81 50 87 79 85 56 1 21 2 15 3 91 2 92 40 71 45 75 37 21 26 10 15 63 93 66 84 46 30 26 5 6 57 81 54 77 61 20 37 21 68 21 91 26 40 12 26 9 6 57 73 98 5 35 54 85 35
58 97 86 85 70 86 71 24 29 54 50 93 84 13 89 44 65 74 54 27 6 81 79 64 71 25 71 21 92 91 17 92 83 79 85 91 10 76 56 10 63 86 54 87 73 25 72 24 9 68 34 71 44 82 82 88 46 21 33 55 79 53 59 10 62 73 95 38 26 31 41 25 89 77 56 68 19 89 9 38 76 91 12 85 30 57 63 56 66 73 25 8 100 89 25 45 80 31 9 32
39 87 26 49 34 25 10 67 10 87 71 38 52 95 86 8 32 75 33 21 63 53 81 75 96 56 93 37 74 97 91 87 23 33 40 42 99 12 86 4 10 33 91 55 36 88 59 64 48 44 39 50 45 21 37 61 3 29 99 71 48 82 47 63 22 86 18 65 66 95 46 31 25 100 60 45 87 52 59 21 12 75 37 41 54 10 25 10 98 1 79 59 75 25 89 95 80 81 83 8
100 26 40 6 43 36 21 56 22 63 12 12 29 15 68 35 41 80 73 53 15 55 54 18 96 20 64 87 33 66 21 54 77 12 9 34 4 22 24 11 40 18 14 53 2 27 88 36 29 69 26 49 100 93 86 65 34 91 11 89 5 83 5 39 42 53 52 78 46 47 78 10 26 40 52 86 26 81 59 86 17 11 37 90 42 20 58 24 28 67 46 58 41 97 63 2 83 60 23 70
48 50 66 14 90 68 24 89 31 63 85 3 88 76 41 32 71 27 98 88 95 16 28 29 18 24 39 20 11 92 7 95 50 84 37 40 23 6 65 99 37 24 59 72 91 27 46 2 73 47 90 29 27 23 19 43 27 92 44 46 96 54 20 62 98 67 59 49 18 61 28 28 10 61 50 5 26 16 41 80 77 6 11 34 79 38 51 24 63 85 99 7 67 61 87 99 22 38 17 92
86 58 96 38 97 78 81 76 96 49 25 28 69 51 12 30 30 59 30 80 39 41 1 75 56 34 15 64 35 60 40 6 60 65 14 50 21 95 4 40 72 15 95 19 23 94 78 44 27 49 57 100 38 88 52 31 59 50 26 1 40 49 26 84 58 70 1 34 57 66 31 91 86 85 91 30 42 7 31 9 25 26 89 73 76 2 8 25 32 2 98 64 71 73 3 79 96 80 65 94
95 22 59 50 32 41 95 4 5 89 16 94 16 47 41 8 44 19 2 12 62 95 53 66 70 26 12 16 13 24 53 82 80 94 49 20 53 19 68 90 1 16 20 32 13 41 31 46 78 72 69 37 7 88 29 47 37 62 49 25 24 22 29 32 53 92 91 24 76 5 62 88 85 79 96 22 17 84 39 81 56 26 40 53 18 65 5 19 69 95 47 76 40 22 41 78 62 55 95 91
99 55 41 89 92 35 21 52 80 31 48 61 35 81 67 58 75 52 33 40 14 96 62 3 27 14 88 4 60 12 71 32 22 50 73 83 61 84 95 80 5 61 29 20 33 99 54 16 6 48 72 86 68 30 17 38 86 36 94 22 76 26 7 85 61 49 69 96 53 22 92 27 31 61 25 96 53 60 89 59 95 6 5 92 48 98 31 56 42 26 1 53 85 90 93 9 58 93 32 100
38 18 56 61 5 59 6 85 13 42 94 32 31 98 75 54 63 68 51 97 84 14 57 34 64 81 42 43 94 84 25 8 81 60 77 11 46 31 30 91 37 53 20 45 5 34 10 41 57 41 82 64 35 3 38 61 18 30 73 40 53 10 63 92 86 18 80 75 41 6 5 36 51 67 54 49 28 40 80 92 32 12 32 2 44 89 26 98 8 28 31 37 14 84 28 46 24 95 100 74
53 57 44 20 56 38 56 77 37 35 95 74 43 44 83 88 90 44 35 3 94 81 1 60 3 48 33 92 5 7 64 36 68 93 72 98 15 36 15 25 81 81 56 18 73 92 72 69 61 39 45 42 48 44 19 21 38 11 95 81 95 59 81 14 49 60 66 100 52 62 67 98 62 1 14 92 75 12 33 73 58 28 24 17 91 12 53 50 78 8 82 5 77 48 75 7 91 55 25 65
84 83 91 66 55 4 17 31 39 90 35 53 68 26 31 6 83 30 30 61 66 59 30 51 69 72 35 84 76 55 16 90 37 52 53 18 21 18 47 48 45 84 86 29 83 68 49 91 91 38 83 79 66 82 75 26 77 35 18 54 20 33 76 2 100 58 11 22 60 100 16 15 8 12 24 42 100 78 5 44 27 29 14 22 68 65 94 25 91 44 5 84 77 68 23 19 36 42 77 65
62 66 98 21 98 74 51 13 83 99 62 41 43 4 46 2 10 16 37 52 64 63 89 44 90 96 74 33 61 28 41 44 95 70 54 17 31 66 22 71 54 58 69 63 97 44 71 15 7 10 47 13 16 4 46 12 6 89 22 40 32 19 28 6 56 13 31 57 14 62 9 38 95 75 86 29 38 46 73 84 50 48 56 92 43 26 35 84 81 25 88 88 93 96 41 47 89 69 4 55
90 82 38 5 84 48 48 37 31 18 5 83 40 92 49 58 21 79 18 58 66 98 23 68 47 99 75 37 38 31 4 12 56 7 49 72 26 68 29 15 30 71 77 64 30 5 47 67 82 44 9 85 71 32 93 3 86 28 18 59 22 27 8 30 69 85 94 25 75 14 49 44 53 54 66 5 100 49 84 17 77 28 39 72 73 78 91 68 26 80 58 36 19 70 84 5 74 83 36 53
29 85 84 26 9 73 35 40 12 79 2 27 30 3 5 32 38 55 11 55 37 27 12 12 78 48 42 91 48 57 25 67 8 45 39 43 17 16 85 29 1 24 48 73 10 46 60 87 51 41 6 40 21 63 86 28 26 35 99 58 95 10 94 47 63 27 46 5 33 2 83 88 53 56 47 45 17 20 70 79 29 44 36 8 79 83 39 42 28 74 65 58 5 5 5 4 14 17 90 6
80 78 48 76 59 76 58 84 30 93 15 46 28 72 53 63 66 31 74 29 92 21 34 85 32 88 47 17 8 78 28 40 100 98 35 99 8 4 67 29 9 97 29 90 52 95 28 27 99 78 34 91 3 24 1 93 78 97 84 7 95 58 92 96 30 50 80 1 100 38 6 86 7 92 13 53 2 35 5 50 31 97 66 25 14 31 93 25 60 75 37 25 84 26 91 35 59 62 39 99
80 47 75 47 99 61 42 70 5 59 19 90 88 60 84 55 72 84 20 92 35 51 93 22 76 57 47 75 59 46 68 47 66 41 66 54 43 33 12 29 4 85 10 83 21 65 32 24 98 6 82 61 77 63 14 8 39 21 95 89 10 62 70 65 56 48 48 94 47 61 65 98 71 79 16 10 8 78 38 57 56 52 99 100 4 38 93 8 99 86 25 23 99 91 32 55 1 46 6 33
8 61 33 55 40 9 52 21 42 93 75 77 95 26 66 47 95 44 99 54 17 86 21 88 99 70 20 77 29 20 87 36 10 50 79 2 16 42 46 89 4 82 98 24 9 43 40 76 67 71 69 84 7 21 64 51 92 3 66 68 54 35 97 81 10 76 95 82 33 49 14 53 67 95 56 97 99 3 72 82 66 35 13 78 3 41 56 80 47 32 54 83 94 88 41 31 6 27 28 74
97 65 55 63 59 76 10 17 40 20 34 5 37 40 86 34 64 94 10 92 32 64 7 46 78 4 8 22 20 6 90 92 30 72 2 64 27 35 22 95 53 90 95 3 33 5 92 41 66 61 22 7 23 89 66 10 37 95 67 59 38 56 17 100 36 6 86 90 95 54 84 58 96 14 90 74 22 24 37 6 39 26 27 39 35 97 73 7 35 35 26 29 65 14 62 36 24 15 61 62
59 73 38 58 81 13 42 93 52 4 71 56 83 63 81 59 11 22 30 89 41 13 15 20 4 81 77 75 70 26 60 53 89 29 59 24 89 40 71 58 14 23 14 77 44 50 31 51 89 73 38 66 26 2 9 58 26 11 71 68 93 30 48 23 65 88 69 5 71 27 31 15 44 45 61 37 37 91 39 70 84 66 81 31 90 22 19 29 16 54 17 67 20 99 47 59 66 40 54 53
59 47 15 78 46 92 80 52 44 48 98 34 26 45 9 77 21 30 25 61 77 10 83 75 34 58 32 65 66 11 67 25 3 35 55 20 19 87 6 57 51 13 46 82 27 21 60 26 45 47 63 39 95 41 24 68 95 66 49 90 13 28 5 68 16 89 19 17 77 23 30 10 34 23 88 66 28 94 1 21 37 53 62 66 79 58 17 17 45 20 52 45 4 64 46 38 12 52 19 20
39 22 86 83 65 62 53 14 59 15 95 77 80 13 64 82 80 70 43 93 100 80 42 12 21 17 11 74 83 41 31 36 54 60 23 72 26 89 45 62 47 65 80 60 8 22 3 40 55 68 21 26 16 91 95 34 2 69 50 88 78 40 6 43 71 24 22 45 10 93 63 53 62 24 48 80 78 2 28 77 77 87 54 23 30 37 57 22 22 49 40 24 9 39 99 95 35 27 82 73
65 32 42 73 26 65 79 95 78 69 57 75 88 30 96 10 70 6 82 92 24 33 45 8 62 38 27 53 87 8 67 52 56 58 18 53 27 63 79 45 86 57 92 47 31 74 97 65 84 39 6 80 5 75 29 49 89 97 31 29 9 73 92 95 6 59 90 61 53 30 11 48 72 69 7 65 51 91 91 84 54 37 40 71 77 40 60 65 83 22 15 6 54 62 79 83 40 45 71 92
53 33 20 99 45 4 5 32 37 23 58 8 12 83 29 12 2 44 61 39 11 79 91 74 68 76 69 6 24 18 4 17 63 24 45 97 28 57 59 33 11 83 75 56 98 53 78 75 21 29 69 21 47 78 44 74 7 34 67 34 88 98 10 39 65 24 25 98 46 100 52 15 82 99 17 52 38 4 82 14 25 38 63 90 8 41 37 100 36 38 51 19 100 84 91 97 2 73 30 88
15 34 62 7 11 51 25 25 8 54 28 97 63 44 48 58 65 56 73 71 42 93 8 22 26 27 96 62 75 11 57 21 98 34 41 38 37 75 31 34 81 87 56 81 73 64 16 73 52 87 87 9 30 6 47 7 8 16 54 97 18 35 42 29 6 69 98 64 48 73 25 78 91 31 89 54 63 65 65 35 26 58 43 19 88 74 19 87 36 17 21 22 70 88 42 69 50 2 1 49
22 90 60 76 44 40 59 14 55 75 87 57 39 60 84 80 29 30 82 81 64 47 31 38 46 54 66 3 82 70 32 68 6 39 52 14 45 51 80 45 29 56 48 42 35 9 79 97 19 32 90 71 40 14 4 76 67 10 31 16 84 49 20 85 90 31 78 20 91 93 66 81 50 36 13 67 97 36 92 50 90 71 57 12 58 13 38 49 22 97 89 33 34 67 3 30 11 58 31 48
4 75 42 50 84 71 90 83 90 26 24 43 17 29 33 18 37 39 83 65 70 18 18 49 56 44 9 75 98 33 11 87 79 22 57 27 21 23 95 91 18 20 25 81 54 45 45 69 72 15 26 67 8 92 61 39 69 58 88 62 20 49 48 58 51 93 65 38 100 70 58 2 7 2 58 8 59 58 25 15 77 21 59 69 61 90 71 68 56 81 90 12 81 44 17 92 40 1 89 93
98 96 23 100 75 67 87 59 65 73 11 38 11 78 66 91 27 45 69 69 91 39 58 60 14 45 24 62 71 7 45 61 29 52 60 40 42 36 27 48 10 51 20 94 34 66 63 31 73 7 60 70 66 84 95 64 91 44 22 21 12 50 5 69 24 31 60 63 18 70 32 12 64 55 90 26 60 67 54 59 23 83 43 30 60 99 81 10 88 27 33 34 96 5 1 75 75 39 87 64
22 30 93 32 84 73 43 21 36 4 44 19 3 97 53 22 81 61 35 38 58 81 94 87 73 82 82 16 83 82 48 25 71 12 81 39 58 29 63 76 49 21 59 52 30 42 51 30 60 77 63 18 83 57 31 74 82 50 48 2 16 82 23 48 33 72 7 11 92 79 48 23 27 13 50 57 84 44 14 45 22 96 96 21 71 27 10 98 89 14 35 49 61 13 56 9 11 41 9 58
62 60 62 26 29 28 63 12 14 25 41 27 95 77 20 46 52 11 86 89 27 13 66 60 51 71 75 15 69 84 10 62 74 13 83 9 86 76 13 34 98 90 31 30 4 21 41 73 97 81 49 5 46 52 58 71 4 96 62 77 83 88 69 60 34 67 6 80 19 1 18 20 45 50 61 51 26 84 72 2 99 7 87 76 71 36 89 44 76 1 97 19 82 45 49 72 43 72 93 50
57 70 70 15 74 69 9 41 74 9 16 97 46 81 50 98 52 54 65 50 78 45 53 87 97 1 75 23 15 1 15 30 22 4 5 61 16 86 24 92 5 26 17 71 12 76 59 85 34 98 38 88 18 79 70 53 78 29 7 50 52 76 77 64 39 94 57 74 88 1 99 64 42 76 75 73 94 10 24 45 44 34 35 24 66 61 87 61 36 63 83 6 12 32 36 93 32 89 14 82
57 22 35 23 2 57 25 43 7 69 46 43 45 25 34 63 67 31 98 29 2 1 28 71 23 17 64 97 12 74 59 7 41 6 56 34 69 87 11 44 35 65 77 87 91 77 18 80 24 75 83 88 70 51 83 13 56 57 43 62 1 61 5 34 44 1 97 22 46 15 57 100 61 3 90 13 33 43 58 3 99 76 58 46 100 16 48 73 13 63 83 90 88 9 1 47 67 60 65 90
55 43 43 15 40 47 45 82 67 65 15 59 11 100 89 82 69 17 47 39 31 58 57 98 77 26 86 1 52 45 75 70 57 21 9 65 95 64 96 99 65 36 100 93 19 67 23 61 25 26 50 32 30 94 40 98 51 23 25 59 2 28 7 31 81 19 30 34 29 96 20 6 30 100 10 17 11 20 17 33 45 85 63 38 93 91 65 63 30 61 74 1 64 60 20 78 40 27 13 7
27 100 12 78 40 17 4 56 41 7 32 55 80 50 18 3 25 70 9 69 59 8 10 96 90 32 15 63 55 36 44 32 9 99 26 52 68 38 91 63 95 65 47 58 12 54 10 13 55 45 78 71 40 88 91 31 28 10 75 100 40 83 30 59 37 60 19 84 17 9 51 14 76 10 9 29 35 38 46 42 71 98 8 91 54 50 2 37 5 8 80 38 80 7 70 49 68 100 21 32
17 37 40 97 72 82 7 78 38 29 24 75 9 89 25 2 10 63 37 33 30 92 75 91 93 45 37 100 91 67 22 6 50 33 77 97 89 39 67 92 86 14 28 5 97 8 7 87 53 95 21 28 8 99 74 87 23 54 3 48 88 76 1 55 56 72 50 91 15 9 94 39 82 55 72 21 53 95 10 84 32 36 43 39 48 91 65 64 53 18 87 93 61 59 86 67 98 87 83 97
15 34 53 28 76 15 95 69 15 85 4 65 7 84 8 75 87 20 83 2 73 98 86 46 95 57 60 26 69 63 18 6 64 9 82 63 95 33 83 26 96 6 15 53 91 42 14 9 17 31 71 80 48 37 21 65 91 31 54 52 70 55 65 99 77 90 55 41 11 84 27 29 81 37 77 7 98 27 55 26 68 95 49 98 22 77 98 66 61 91 95 34 68 38 55 93 3 11 88 2
76 41 95 99 95 21 49 72 69 30 21 88 53 73 66 27 95 51 43 16 11 40 20 94 11 87 58 52 55 36 58 84 85 86 32 76 43 52 34 45 57 91 94 71 63 88 52 10 52 94 53 100 54 97 49 61 79 10 41 8 20 77 15 25 42 85 36 36 61 71 47 43 21 34 61 2 76 34 39 94 33 23 90 96 23 47 26 68 16 78 25 27 99 61 8 25 22 33 36 73
39 68 4 37 54 45 20 60 98 22 97 42 91 69 64 15 74 24 99 50 40 35 18 8 27 10 14 44 100 58 52 45 1 66 94 19 19 23 40 32 40 9 50 18 65 15 76 84 94 29 60 87 26 71 8 68 39 37 56 55 39 76 63 75 69 52 34 57 33 18 47 92 77 89 50 49 97 95 6 44 30 89 28 1 99 77 71 21 58 97 49 92 44 16 88 5 60 59 24 43
93 97 6 99 63 55 19 98 93 35 24 85 3 70 20 96 76 26 15 61 70 16 24 100 62 27 34 52 86 83 63 25 15 17 84 22 65 5 11 9 37 97 32 48 53 90 10 65 32 99 76 24 73 98 63 89 83 90 77 71 21 99 52 93 99 5 72 67 28 27 71 77 73 47 43 27 95 9 45 39 60 16 30 66 48 96 29 63 70 80 15 95 16 89 3 100 14 75 77 13
23 2 55 39 36 87 2 94 65 72 39 29 78 73 46 46 96 93 4 57 24 64 22 18 19 13 89 40 66 81 53 64 63 51 60 70 57 89 59 82 82 87 95 40 44 28 19 77 37 30 71 50 68 2 40 59 74 79 6 44 70 57 95 32 74 70 8 38 63 36 28 69 78 33 18 58 54 54 45 80 100 79 58 100 92 88 59 60 1 84 61 41 45 32 63 65 98 81 17 39
53 84 10 15 8 81 2 60 19 38 16 18 62 32 36 45 5 14 82 35 25 64 70 91 47 99 94 43 29 31 69 36 41 25 6 87 32 44 31 58 88 76 22 8 46 11 37 75 28 37 83 85 29 68 61 33 84 31 10 44 33 90 28 2 15 64 96 69 94 82 96 85 33 56 22 63 66 30 58 56 71 45 96 66 22 63 37 25 33 65 93 64 25 25 71 71 45 12 38 77
72 54 65 89 37 82 73 58 80 11 14 79 11 64 88 3 91 63 6 32 78 47 77 63 48 24 71 93 54 79 99 52 6 1 36 57 30 80 25 35 54 20 93 58 36 24 47 98 84 95 43 18 39 17 76 37 41 62 41 13 77 4 95 63 53 42 30 88 41 69 47 66 44 81 52 66 31 79 86 58 60 29 94 93 26 10 80 74 19 54 6 83 64 86 5 73 51 15 8 78
61 3 84 22 99 99 60 60 72 47 27 6 79 92 31 15 53 99 97 38 15 83 90 87 46 28 26 74 38 64 91 60 58 41 59 32 65 4 5 73 11 48 63 57 49 58 82 2 50 43 3 94 88 92 30 57 19 16 87 48 43 14 63 33 36 86 97 98 4 100 21 79 10 59 76 74 56 33 90 27 66 41 37 78 60 27 5 1 46 100 25 68 13 38 13 33 29 45 47 19
86 82 85 29 85 94 16 51 21 31 48 45 84 76 41 44 36 53 84 92 20 7 66 69 87 74 48 63 60 81 52 5 100 8 94 57 12 17 75 84 78 11 73 43 13 93 31 78 74 33 49 81 28 3 59 46 2 21 79 93 23 2 74 46 26 44 91 52 53 89 66 98 20 59 43 6 40 71 35 32 62 14 84 43 95 53 91 28 36 30 88 25 76 45 54 58 9 52 31 94
91 56 44 51 72 31 45 6 15 20 9 77 50 81 71 86 17 93 53 47 24 44 18 32 16 41 48 93 96 55 82 88 86 56 64 4 11 40 95 28 14 15 56 69 85 65 18 56 96 99 89 47 22 92 54 39 7 70 93 96 30 44 18 36 93 63 55 50 63 45 4 72 58 22 15 59 91 61 28 95 9 73 63 96 42 28 96 78 95 51 42 38 29 84 38 14 74 90 31 28
48 41 54 74 75 57 24 4 83 50 91 69 52 67 86 87 5 71 55 23 91 4 32 25 22 6 43 99 4 20 1 68 94 28 62 11 27 83 13 21 94 35 78 38 83 63 85 97 46 59 5 74 77 30 49 19 46 40 84 54 91 59 73 83 9 39 34 1 98 34 96 37 55 68 76 30 39 8 47 34 22 8 93 58 5 4 72 75 50 67 86 28 36 37 1 90 25 70 52 32
16 80 69 25 72 72 10 58 23 62 9 28 87 78 94 51 97 89 85 100 18 58 11 57 78 7 40 10 7 56 78 95 21 10 70 16 77 67 9 80 30 92 77 3 76 74 40 74 27 3 60 47 51 86 90 87 49 74 84 80 2 38 38 16 58 98 48 20 25 19 5 73 55 72 76 73 71 91 76 64 45 36 22 88 54 44 34 54 39 20 98 42 81 99 85 28 54 82 64 72
88 100 7 68 30 66 73 9 10 78 51 55 62 89 31 58 96 62 82 91 77 38 68 22 11 58 63 77 1 80 71 23 81 85 13 36 33 45 30 79 83 68 95 9 8 85 38 67 27 22 71 28 1 29 66 18 56 33 14 2 72 55 74 62 91 9 32 87 8 19 21 69 54 67 89 10 15 100 89 85 5 73 67 78 13 74 2 5 20 72 13 40 4 60 3 97 72 29 80 9
87 38 87 62 8 72 58 5 64 40 86 32 17 30 19 61 58 30 7 95 80 31 92 4 47 19 22 60 88 89 81 29 39 29 80 90 71 23 67 6 81 32 95 53 50 4 82 1 19 57 56 64 78 99 15 96 16 98 98 3 47 78 63 5 58 20 15 40 5 34 72 43 49 88 59 42 38 42 66 75 17 62 95 88 7 19 48 33 38 97 44 2 51 53 81 33 41 23 80 90
67 16 61 51 78 98 52 79 72 29 22 12 42 27 43 65 75 95 26 13 73 41 72 66 76 95 97 50 57 53 12 26 68 3 4 54 83 43 86 84 33 98 50 92 54 53 61 68 45 34 65 90 67 25 32 86 42 81 48 81 52 83 37 57 60 80 79 31 21 42 1 94 27 34 97 26 25 23 2 33 2 95 72 17 50 88 89 76 64 81 77 5 82 71 51 82 30 61 33 8
48 99 21 12 85 40 29 35 47 11 88 59 71 20 48 11 64 75 91 4 14 1 5 65 37 47 78 10 96 100 17 16 86 3 92 54 90 33 33 28 60 34 65 7 47 7 14 21 59 26 93 52 58 74 72 41 54 87 30 80 22 81 53 40 42 70 53 21 58 59 67 41 72 85 84 6 95 5 87 18 1 67 43 57 10 17 30 61 21 66 94 100 4 87 88 22 20 80 54 82
4 97 44 88 84 24 97 52 19 43 74 61 66 9 2 5 62 100 62 44 82 32 50 98 11 11 97 95 84 51 88 29 34 90 91 15 4 24 71 41 5 92 12 84 74 2 39 41 11 66 70 6 84 41 6 85 5 26 8 5 25 49 56 30 22 51 72 100 3 23 64 44 87 85 55 65 38 35 47 56 69 61 93 73 1 21 16 30 29 56 59 75 68 92 12 28 39 38 27 76
6 66 46 39 34 29 84 36 99 35 45 68 90 43 20 22 28 98 82 34 81 54 60 66 80 80 71 17 29 6 95 98 56 89 56 8 85 2 5 67 62 21 56 18 14 18 60 93 73 95 78 21 14 78 55 42 60 8 96 78 43 64 86 67 40 88 96 31 23 82 6 1 34 25 77 28 37 100 7 84 55 19 28 30 21 11 45 87 10 5 31 80 60 30 27 73 81 44 49 98
62 27 22 87 95 13 24 33 7 74 53 55 98 43 11 26 73 3 15 27 72 64 76 94 82 100 37 81 98 22 56 97 33 69 65 88 28 22 76 50 31 10 97 62 21 29 60 29 30 39 59 95 27 89 75 66 73 46 26 52 50 32 95 21 21 67 76 23 57 9 28 16 59 54 6 8 33 10 84 39 21 90 9 55 26 17 98 100 71 42 71 71 37 40 24 49 39 37 26 62
91 51 29 99 90 51 65 50 18 69 36 91 52 39 7 93 9 92 32 62 23 46 48 77 97 21 56 6 38 77 93 2 57 56 100 75 75 99 13 60 68 4 91 15 100 89 72 31 42 58 67 15 48 64 55 65 13 88 39 17 94 36 49 41 75 79 78 68 20 39 64 25 69 78 81 72 43 60 38 23 80 93 2 38 81 43 87 67 28 58 45 61 61 81 98 19 58 35 93 92
25 40 34 11 42 59 100 5 18 13 72 78 10 93 53 81 53 72 23 98 87 29 98 46 84 62 15 91 98 84 84 15 12 5 99 80 88 70 57 66 57 59 97 17 46 76 84 77 62 26 42 44 42 31 81 55 27 7 29 28 12 48 76 72 15 37 49 5 77 91 38 81 76 19 75 89 45 76 62 59 61 96 63 43 9 98 56 18 77 74 52 89 93 88 56 56 66 87 31 26
73 20 46 88 81 98 46 47 9 96 76 63 6 68 61 45 88 52 45 20 77 70 52 61 55 72 64 28 47 15 99 83 24 2 60 62 94 27 43 76 57 61 84 56 48 32 22 62 15 100 37 88 6 9 78 2 71 77 68 57 63 81 70 26 5 57 5 50 25 18 85 27 68 2 61 40 22 59 68 84 2 81 61 31 69 31 42 97 1 91 70 50 48 15 6 40 58 54 18 71
6 61 51 83 45 44 10 57 10 78 74 43 18 59 42 30 7 57 51 35 67 62 100 16 39 3 28 71 39 42 76 67 22 50 37 15 23 77 72 99 96 7 97 24 51 47 39 7 44 77 23 59 18 53 64 53 41 12 8 13 83 12 47 51 77 8 75 55 43 32 40 11 2 46 70 77 37 84 40 47 100 81 97 84 95 79 1 46 46 26 50 22 54 24 22 50 86 44 55 52
14 19 42 74 33 53 61 32 90 1 69 45 44 41 92 18 26 86 58 59 19 56 33 92 100 74 87 60 27 52 85 22 69 17 35 90 84 100 91 68 36 98 91 92 33 22 13 69 13 84 3 20 19 18 78 15 95 52 6 24 54 15 68 76 36 90 94 32 22 82 20 96 11 13 39 7 5 82 68 68 8 63 89 37 59 43 38 60 10 93 32 13 65 31 46 45 45 13 70 64
88 47 58 48 10 24 41 70 64 38 55 59 37 1 59 97 44 71 25 58 7 29 65 60 91 55 97 10 50 99 72 36 35 61 59 9 3 63 21 51 86 61 9 16 43 51 57 40 36 21 90 93 78 16 61 69 38 6 19 22 67 10 8 31 37 80 17 89 33 29 87 69 65 57 96 35 3 94 73 76 49 30 48 35 61 81 71 41 35 97 24 55 92 2 52 78 10 68 6 77
48 37 55 12 57 44 99 46 87 51 46 41 13 18 41 80 46 48 16 39 72 20 92 99 44 16 58 43 40 53 11 34 88 33 38 69 80 70 59 26 4 36 35 80 98 29 64 57 62 48 51 8 100 22 49 37 92 31 36 97 80 10 60 30 77 13 50 86 88 4 25 79 37 30 24 51 7 83 20 83 83 17 54 19 73 4 15 57 79 92 16 24 86 89 86 69 4 89 9 24
41 98 15 7 95 13 74 6 77 29 38 20 49 10 81 18 8 35 31 61 39 94 6 46 4 41 99 89 63 58 51 30 72 88 30 1 2 34 80 89 58 47 1 88 36 1 23 19 15 31 93 45 2 5 63 93 55 55 58 93 99 68 15 13 92 30 60 27 97 38 92 49 61 8 10 78 24 28 22 48 90 67 49 27 28 41 5 34 29 8 61 4 47 67 32 56 10 12 55 81
