40 1 41 50 68 88 94 81 100 73 89 67 43 4 18 98 61 44 20 18 87 83 40 41 29 67 75 55 66 97 30 81 70 60 56 56 93 74 1 28 68 94 98 94 59 79 22 23 95 61 12 8 79 30 55 28 29 77 39 77 80 28 99 100 96 39 34 90 54 77 81 66 56 14 9 60 84 11 70 12 37 84 19 75 55 57 70 10 21 43 16 38 63 77 51 24 10 67 78 77
62 96 90 69 22 46 50 61 21 94 50 68 18 61 81 1 70 74 33 85 9 85 26 96 10 92 31 95 49 31 65 19 92 67 90 37 14 48 24 85 52 64 95 20 36 6 32 28 72 45 52 91 70 37 53 67 65 17 28 63 13 27 94 47 75 27 37 76 29 68 12 91 36 31 46 96 65 48 28 90 45 60 32 77 35 69 94 96 31 91 24 11 60 95 71 41 74 100 91 36
27 57 11 87 91 20 72 58 84 78 90 45 66 10 60 6 99 2 74 59 40 7 80 98 68 93 46 96 48 90 54 23 88 42 35 84 19 82 12 10 81 40 2 89 75 57 31 77 80 39 26 21 73 14 82 99 14 52 36 99 26 38 38 90 37 54 13 66 28 77 70 87 57 34 34 29 42 40 31 60 9 49 7 49 16 41 92 89 10 46 10 1 92 61 62 25 72 71 40 27
100 69 68 22 100 93 95 9 71 54 92 2 23 37 68 14 4 53 29 66 47 27 79 76 46 15 54 5 66 66 89 83 57 85 49 16 39 44 58 31 82 15 31 73 17 45 43 1 11 48 92 25 44 15 65 29 24 99 39 2 14 11 85 55 63 53 35 89 58 94 27 17 2 56 11 50 54 39 13 90 82 11 63 11 53 77 70 9 74 18 93 66 69 40 12 37 57 24 79 7
29 27 52 79 1 15 16 85 72 85 60 90 80 33 98 70 95 82 3 10 30 2 85 15 49 15 72 57 8 68 58 85 95 18 94 82 37 73 31 21 34 85 75 5 95 20 36 24 9 44 47 95 44 81 6 42 44 56 20 10 34 68 42 42 36 95 22 37 22 80 49 20 7 19 28 86 34 91 94 92 67 77 3 36 97 25 48 65 51 77 26 76 5 1 70 73 29 8 57 74
41 9 17 14 93 28 86 61 51 43 32 11 75 72 77 75 4 27 44 57 69 66 90 15 28 69 62 23 41 31 48 75 46 7 42 52 69 54 22 69 42 97 88 80 75 4 40 51 25 59 78 62 1 80 98 49 87 94 5 92 10 36 10 52 57 16 92 10 85 63 80 72 13 98 9 62 61 62 27 77 43 6 95 31 88 33 75 71 65 71 80 97 28 83 25 93 13 21 34 50
19 40 27 92 36 23 61 96 68 58 50 38 100 14 4 17 19 48 66 91 61 97 42 62 25 19 5 11 14 23 12 94 46 96 39 34 78 34 76 96 22 84 72 92 11 5 9 4 65 69 84 91 8 97 43 63 92 66 79 40 91 68 74 100 37 45 91 18 70 24 24 87 81 92 27 50 87 70 22 57 50 42 85 8 4 44 58 97 72 66 71 28 95 81 63 42 94 93 20 89
35 72 84 36 22 4 15 61 30 57 48 81 10 53 16 84 5 8 85 37 47 53 17 82 61 55 72 8 66 21 74 53 92 81 47 6 30 13 56 22 1 59 30 47 34 26 29 87 15 3 97 56 18 27 5 44 31 91 67 11 30 68 88 2 92 53 52 17 61 21 52 27 7 10 94 81 67 38 18 81 17 21 45 20 7 26 57 4 56 65 86 82 20 46 53 4 100 3 38 35
98 6 65 24 75 8 92 10 10 91 87 11 85 5 31 70 75 12 98 49 94 16 57 80 78 72 37 70 37 78 99 21 24 55 36 54 42 76 27 94 37 91 20 85 55 10 49 63 100 19 38 29 85 62 57 50 81 11 56 53 7 8 42 51 99 45 71 99 30 4 75 71 15 92 81 58 19 34 16 17 35 82 86 38 58 53 55 5 48 38 59 96 76 13 20 23 90 13 89 81
57 30 44 97 6 94 16 20 48 14 76 10 98 87 29 70 68 35 78 89 82 69 89 1 75 61 90 67 46 40 91 52 89 49 32 97 85 41 66 73 51 66 53 28 17 5 70 52 64 80 72 36 79 12 39 9 30 81 63 1 99 26 88 14 22 39 37 72 23 7 74 91 20 78 21 34 83 38 19 2 41 35 10 72 84 17 71 4 56 67 67 36 78 43 64 31 3 58 89 2
54 63 21 91 30 7 84 56 29 88 45 24 56 18 83 7 81 93 42 36 33 69 40 25 35 7 7 46 96 94 63 71 78 6 29 21 3 71 95 86 37 70 69 11 6 78 81 23 39 49 63 14 55 80 55 88 12 19 91 30 53 8 70 58 99 12 24 90 43 85 29 72 37 46 58 50 89 20 72 19 39 69 59 31 63 5 49 66 66 9 95 27 12 87 10 3 75 45 13 79
19 18 88 81 7 68 28 59 75 8 61 49 51 18 68 67 28 34 9 55 17 10 77 5 62 40 48 67 63 61 88 84 14 90 5 85 100 90 78 20 54 44 29 19 48 52 6 12 66 26 4 50 11 56 91 38 33 54 94 79 17 91 77 85 31 5 23 1 62 78 64 32 17 89 53 18 6 97 80 59 54 32 45 11 20 86 91 10 2 4 82 54 12 26 73 43 100 29 34 71
72 22 90 26 73 78 21 24 44 89 49 10 93 15 43 89 6 98 60 46 24 5 14 95 53 61 62 85 54 10 40 96 84 35 61 100 63 10 50 77 96 48 98 83 24 88 77 4 98 87 71 73 68 68 96 61 6 28 94 34 43 12 79 91 28 66 54 44 45 84 88 71 31 11 19 37 95 1 85 25 51 9 62 87 66 27 79 89 72 24 56 11 14 17 25 71 69 27 28 45
98 52 58 37 80 41 65 93 14 20 9 93 97 31 64 41 55 13 16 46 23 63 86 52 44 32 51 49 24 12 41 82 98 17 4 21 45 77 90 27 73 82 98 75 19 63 13 2 43 48 73 47 40 19 91 85 99 67 78 97 87 35 11 6 65 67 53 60 67 69 61 91 22 17 58 50 90 99 26 69 46 28 84 67 18 50 96 45 36 15 91 43 21 92 8 88 18 93 66 15
45 13 4 34 24 46 26 47 89 63 21 45 55 48 3 84 9 50 74 90 90 40 38 46 22 18 55 80 61 3 94 9 18 20 69 13 52 41 10 44 75 72 95 3 83 9 24 68 11 85 86 6 38 26 64 27 35 97 29 99 89 13 9 86 70 69 90 20 65 97 12 93 48 41 96 25 90 8 32 4 24 28 2 37 62 92 54 55 42 32 41 73 14 74 4 82 57 41 30 56
46 100 28 92 44 16 16 56 3 63 82 60 61 45 26 74 7 18 75 69 11 54 45 97 44 55 4 23 69 94 38 51 1 3 61 80 9 52 79 92 59 66 46 24 38 64 65 81 26 46 8 44 55 73 7 39 25 74 62 66 45 36 1 78 18 85 78 39 89 92 66 4 23 10 81 49 20 88 12 53 38 64 20 23 40 34 52 30 98 26 80 82 73 11 53 92 42 83 18 66
7 95 72 69 57 39 22 5 26 62 4 24 20 32 100 18 49 73 6 22 14 87 75 21 90 14 28 67 86 50 21 9 24 65 64 54 9 39 57 12 98 52 60 81 59 10 24 79 100 90 2 93 5 79 62 79 9 66 69 36 34 85 66 92 31 11 6 8 89 34 50 20 17 59 39 5 57 62 15 59 3 43 58 49 82 64 71 97 57 47 58 5 65 32 45 77 5 52 6 21
54 12 21 91 22 40 37 86 28 48 68 98 37 95 22 13 50 58 88 21 67 15 90 33 22 74 62 84 92 96 4 38 36 22 94 16 43 19 40 53 44 59 44 12 69 97 76 23 25 87 29 31 67 31 81 88 58 56 84 49 94 24 87 52 49 51 51 25 46 99 92 32 7 79 55 57 6 13 16 89 38 37 22 75 46 19 49 43 12 64 63 32 93 16 12 95 45 53 8 65
87 16 29 39 73 17 25 71 29 73 62 33 10 17 64 31 57 25 17 88 44 1 57 96 77 18 72 18 40 58 57 45 31 95 47 82 73 76 58 64 98 28 95 57 5 97 77 4 94 54 96 9 93 72 15 63 79 68 68 83 80 83 31 23 74 18 51 21 18 71 66 42 85 22 90 8 100 11 46 47 51 66 53 29 60 99 91 26 55 49 65 89 100 4 68 82 22 65 34 72
74 90 48 24 18 20 43 73 80 100 18 13 61 73 31 77 95 39 1 75 27 24 2 28 38 77 54 20 5 94 56 59 80 14 50 36 56 5 46 8 39 85 92 25 67 98 7 62 75 65 89 46 65 32 9 43 89 38 92 78 82 29 41 61 49 31 38 11 64 51 54 63 45 46 90 90 82 84 14 19 48 53 71 33 61 38 8 19 45 65 87 31 88 49 14 25 74 55 59 33
66 39 33 95 99 1 7 28 80 41 19 19 8 61 92 84 78 50 1 97 27 62 4 48 61 44 39 27 97 46 23 70 31 92 83 16 8 69 19 92 29 84 33 78 4 71 12 24 100 78 57 93 51 63 55 23 60 35 32 67 99 15 21 13 7 3 41 7 76 71 41 49 73 29 14 28 28 92 80 15 29 25 94 46 72 74 31 31 25 49 16 8 54 100 49 55 93 66 74 61
34 19 72 83 18 40 73 91 74 2 28 48 99 84 82 4 75 82 20 93 65 72 31 97 33 29 64 46 93 20 88 77 41 76 99 51 98 60 13 3 50 19 35 90 25 3 97 83 5 95 65 44 38 61 95 15 60 76 2 58 85 100 14 68 55 26 64 92 89 51 84 32 4 35 53 1 100 18 64 97 8 60 53 52 62 50 82 20 72 25 92 95 42 41 12 16 76 15 28 32
29 75 36 58 49 65 62 85 39 5 59 97 62 17 29 86 93 80 15 36 5 46 20 70 61 53 40 13 22 81 71 34 22 43 46 39 76 34 26 19 83 99 5 85 17 48 88 100 10 94 85 37 5 11 75 74 25 48 72 80 77 66 82 7 54 92 54 85 98 3 70 79 39 71 51 35 31 50 13 70 88 37 42 2 66 51 78 38 60 89 2 72 100 45 46 76 86 91 62 56
88 30 57 7 53 61 15 15 82 1 16 58 97 11 49 90 99 77 75 57 4 62 48 76 23 18 49 66 70 82 18 82 89 21 11 44 40 97 13 68 33 75 93 41 33 30 10 66 89 27 35 55 65 6 32 31 95 96 39 33 54 99 50 98 38 58 31 96 38 49 26 59 54 56 22 83 58 27 2 59 60 64 51 32 99 57 87 80 99 72 27 17 42 44 45 65 35 38 18 35
89 85 77 80 75 75 21 92 75 91 19 41 75 41 99 15 28 95 41 5 4 49 90 86 51 46 70 65 54 94 28 42 39 39 31 68 24 43 47 47 73 70 49 6 16 93 11 27 16 87 85 92 7 79 33 65 10 74 47 23 16 19 99 53 76 47 90 83 96 99 46 42 65 58 6 8 61 23 33 18 97 28 34 91 1 15 48 40 4 50 57 64 55 14 72 98 18 5 82 83
35 54 37 6 31 50 9 32 6 46 90 35 61 50 42 96 73 31 50 76 24 12 37 82 12 75 18 98 73 90 75 88 56 23 87 40 80 28 23 87 96 42 35 18 4 69 51 34 48 75 63 58 94 7 11 33 53 22 17 54 85 14 56 1 73 74 94 39 95 68 42 53 52 7 2 62 8 59 92 45 72 9 42 23 10 19 76 50 20 31 5 76 44 5 100 29 54 94 86 75
94 25 37 97 13 48 87 57 64 22 11 17 85 83 61 79 22 58 16 52 29 55 75 43 43 3 93 97 17 9 8 42 16 46 6 23 53 66 27 2 61 7 94 19 3 7 81 5 47 68 43 86 71 31 17 53 49 36 63 44 86 15 65 71 94 24 29 61 2 17 87 86 87 60 81 92 91 17 69 93 22 5 59 88 63 61 7 45 46 15 54 39 31 59 47 60 33 60 20 51
55 100 48 60 75 50 40 92 68 90 94 70 38 16 10 37 79 59 19 31 76 72 6 76 40 53 32 22 14 48 8 3 80 5 94 64 64 62 7 44 4 18 68 9 84 22 79 95 45 30 16 56 27 23 64 10 49 61 75 7 70 75 11 28 89 37 29 72 74 79 18 49 53 95 95 73 16 77 53 92 100 49 95 21 90 25 64 85 32 81 26 91 59 63 70 91 46 88 43 89
87 71 90 92 34 17 80 37 42 41 29 28 21 66 11 60 75 38 45 22 20 10 31 46 47 43 33 90 69 53 34 77 40 17 83 61 98 9 61 52 51 23 38 74 59 18 26 65 65 58 56 39 90 41 30 16 61 72 28 51 38 100 51 82 21 37 44 18 89 73 41 35 10 70 49 17 49 62 30 76 12 67 29 29 73 20 77 83 85 44 37 95 8 49 82 80 78 87 55 57
26 64 68 95 53 20 41 20 36 73 99 88 45 82 5 4 89 14 20 61 3 94 22 100 85 79 85 69 72 86 55 53 65 35 82 89 95 41 58 55 38 66 78 40 93 96 29 81 98 98 84 85 71 62 78 90 7 58 70 98 2 83 75 64 19 7 98 30 44 81 8 7 5 100 42 86 12 39 6 76 1 49 64 2 40 14 84 96 17 3 88 29 36 23 61 2 86 34 69 37
29 32 71 15 19 73 88 54 21 57 73 39 45 5 37 52 75 5 76 62 55 29 46 12 67 40 71 34 43 74 61 89 37 30 13 47 4 83 62 57 17 94 73 23 32 94 68 94 83 36 33 27 86 90 35 73 91 75 90 67 70 61 80 6 21 79 32 81 26 31 86 23 87 22 36 72 97 31 68 83 2 10 93 36 27 94 14 87 61 58 58 75 26 34 83 94 36 20 91 73
6 43 12 53 90 1 46 87 14 78 41 65 20 97 3 79 49 60 72 58 86 37 9 21 12 88 48 34 12 76 61 78 75 24 35 11 20 98 67 11 73 100 98 15 55 58 63 97 50 37 8 57 76 77 39 94 1 9 67 36 56 19 16 24 21 71 32 59 67 66 1 94 4 26 3 90 31 84 11 59 80 69 22 52 1 14 52 90 75 24 67 78 9 12 50 63 72 82 88 4
45 36 79 9 68 22 28 29 54 30 43 66 66 69 14 48 41 44 34 64 81 62 79 5 54 89 11 76 58 31 69 65 64 79 61 76 75 65 7 48 100 77 68 36 50 52 96 68 86 35 30 8 52 80 51 62 77 9 13 51 88 27 18 20 14 86 62 82 95 48 41 81 2 2 2 74 27 9 26 26 44 32 55 76 28 5 48 90 37 40 67 58 19 44 65 9 7 57 35 1
57 69 4 94 25 11 96 95 32 83 21 72 18 94 58 9 2 75 6 80 43 32 92 57 88 59 5 49 49 68 7 30 67 67 52 10 21 7 13 55 14 31 84 39 24 100 67 41 71 87 97 60 94 10 96 28 42 74 69 65 29 98 86 50 94 67 1 75 58 67 34 11 76 64 89 24 47 43 52 50 53 63 67 96 10 37 10 13 30 98 100 36 98 87 29 44 72 5 53 80
39 95 19 15 13 27 38 81 40 98 42 23 82 66 22 62 50 19 53 30 9 78 66 52 40 47 24 88 99 60 13 71 39 52 38 40 1 10 26 39 74 98 7 10 31 84 7 41 37 12 61 71 66 71 37 31 81 2 27 26 77 55 59 31 25 17 9 1 14 3 2 71 48 75 42 23 9 50 31 28 74 88 96 51 72 6 46 49 32 15 74 43 80 13 9 68 33 17 86 10
47 18 91 73 51 27 86 36 41 65 12 90 89 10 28 74 43 25 56 34 95 14 74 61 21 78 16 2 28 54 57 97 85 62 23 30 2 91 54 67 96 47 18 21 96 86 81 89 48 81 95 31 4 19 22 29 5 90 29 53 85 84 12 21 94 53 32 30 98 26 55 24 3 30 10 26 33 20 72 43 94 79 75 15 67 46 87 64 24 74 34 10 71 58 84 87 64 15 47 8
39 6 89 60 97 91 32 4 56 58 77 93 3 26 59 33 98 94 95 78 9 99 9 53 49 32 53 99 56 100 45 5 1 38 44 81 32 25 60 79 85 44 38 97 77 90 11 13 51 42 14 61 59 2 70 22 45 94 94 18 93 51 19 51 13 30 87 85 80 22 48 42 74 92 38 40 36 40 32 31 87 35 54 14 94 65 5 31 4 10 19 68 68 11 69 46 5 97 27 98
59 97 80 61 49 88 51 99 89 61 72 23 72 40 4 38 98 61 98 94 79 89 55 48 21 19 46 93 8 94 66 61 25 48 90 31 44 56 36 2 45 72 28 83 85 61 80 92 48 6 46 70 14 97 21 2 99 24 32 53 35 11 59 86 83 71 71 38 65 55 70 35 41 84 72 85 97 76 30 61 90 21 46 92 62 90 12 17 57 97 52 18 71 18 78 73 68 98 68 53
54 46 12 83 66 70 90 99 52 48 13 58 40 60 99 41 85 2 60 17 93 32 93 58 23 100 13 35 20 60 7 73 85 22 77 85 100 92 85 76 93 96 36 70 56 72 6 91 57 51 1 44 34 39 73 15 4 25 95 96 24 36 32 35 88 16 62 72 95 42 14 14 51 23 83 70 63 12 23 44 98 55 86 1 87 38 97 64 82 73 31 54 24 50 69 52 25 30 52 52
67 11 81 42 78 88 37 87 48 89 54 40 56 38 41 83 75 69 16 88 100 53 60 77 4 4 42 63 69 81 40 34 19 28 76 16 86 95 83 100 96 50 12 98 86 51 57 46 39 63 12 45 79 81 2 56 70 81 23 23 34 42 43 18 6 65 76 97 54 62 85 17 46 39 95 55 38 72 92 64 3 37 70 27 42 67 36 96 76 54 31 32 4 61 95 27 37 94 79 82
99 100 54 54 62 60 14 14 86 3 90 28 76 74 30 48 44 42 62 5 5 14 48 9 58 69 46 54 50 48 3 70 48 38 46 2 69 5 18 17 81 42 4 97 3 79 25 10 12 51 68 2 7 11 88 33 74 77 17 53 94 19 57 5 66 43 87 40 3 83 35 86 65 70 41 96 31 39 76 90 18 46 63 78 11 54 79 49 60 84 11 65 93 25 10 40 98 84 33 18
71 35 44 61 50 18 19 50 3 34 74 42 26 6 47 31 59 92 3 24 57 13 83 35 62 1 27 2 73 42 74 67 76 8 78 13 19 56 75 30 27 94 89 73 51 7 81 91 78 96 12 58 35 82 21 59 42 46 39 32 67 50 62 45 89 46 43 67 68 69 23 93 13 86 78 5 72 49 16 76 82 79 38 52 69 42 73 13 39 37 19 37 79 14 81 25 66 71 58 79
6 4 99 85 70 88 83 92 84 30 90 77 79 45 11 25 64 97 74 30 57 54 10 55 59 99 6 64 38 20 84 83 6 81 25 44 63 73 30 28 8 45 63 35 5 20 39 61 20 18 41 63 33 55 33 38 88 91 9 44 92 38 57 18 68 26 36 3 13 71 25 88 6 96 92 25 94 23 93 10 42 69 36 57 99 46 77 13 11 70 49 74 53 13 79 42 22 6 70 46
50 46 65 96 12 73 81 45 48 23 85 33 70 66 56 49 43 6 55 38 23 86 29 62 25 36 72 86 10 28 57 42 100 76 13 65 63 64 64 7 67 6 12 24 86 15 70 55 70 97 14 43 38 50 96 75 66 98 44 21 49 41 98 85 25 3 78 29 64 87 93 4 77 39 76 80 21 47 26 84 32 43 27 9 62 88 67 82 83 71 45 74 80 44 82 47 86 24 66 74
86 65 49 26 70 24 92 53 65 77 67 93 37 42 97 57 9 38 67 83 72 84 8 24 66 39 14 8 2 57 64 3 61 30 23 40 11 92 58 61 14 72 94 54 60 59 6 41 9 48 43 17 87 45 51 57 92 72 98 62 74 25 88 69 98 29 28 56 91 28 4 76 62 55 63 64 85 21 37 28 73 48 27 12 69 59 27 63 44 7 86 68 3 32 72 59 14 45 36 74
22 40 75 14 91 100 29 50 41 66 7 44 91 7 74 30 9 33 100 55 92 21 39 34 57 85 96 93 94 13 82 16 30 6 9 31 31 66 1 13 4 65 24 67 98 14 53 45 23 21 70 5 31 9 33 7 6 83 36 56 81 91 22 31 35 72 37 66 33 86 36 74 28 31 93 51 55 61 95 28 42 91 25 60 82 32 48 34 69 10 54 32 23 81 93 72 80 19 51 55
62 66 1 39 41 81 74 94 17 74 88 55 14 94 20 6 13 72 39 46 89 94 72 5 46 87 57 25 91 69 87 1 73 94 79 74 63 96 60 22 87 48 58 3 75 48 67 6 27 97 2 80 28 30 1 83 73 61 58 9 20 49 33 61 85 43 42 31 59 6 30 37 35 87 38 98 23 67 23 74 12 48 73 59 63 19 72 99 52 95 83 96 85 42 6 3 95 24 28 12
17 71 86 93 70 31 38 90 49 99 82 38 81 7 41 20 100 96 63 30 42 10 59 1 93 32 15 57 47 57 70 69 62 5 83 86 73 39 100 37 36 26 65 71 95 62 93 20 20 94 82 20 19 5 88 63 61 18 25 48 1 58 76 71 23 100 47 70 2 81 32 29 34 35 43 72 65 41 71 22 43 4 33 58 77 69 27 61 49 74 98 66 96 72 71 1 70 71 78 100
17 87 87 56 96 63 26 16 97 35 42 96 3 18 2 33 97 88 8 52 94 24 27 53 10 64 81 17 14 40 94 4 65 92 55 81 43 35 97 10 78 85 89 40 80 36 5 86 97 99 36 61 30 20 51 97 76 96 29 94 85 44 21 38 38 5 69 65 100 84 61 85 37 38 88 47 66 37 39 23 76 69 77 39 43 61 44 55 5 42 5 93 23 34 98 92 93 33 17 6
34 94 43 89 20 11 5 71 66 41 43 37 59 3 45 25 50 21 61 19 52 73 41 40 9 75 45 5 63 63 3 96 58 30 94 41 87 60 89 55 89 19 89 60 1 38 46 78 65 42 86 44 2 82 75 38 20 62 72 66 37 56 90 93 88 54 21 91 93 94 17 64 19 28 40 61 91 14 35 56 38 3 56 64 90 23 40 80 41 39 55 56 96 97 25 10 82 41 54 25
59 1 88 23 83 86 81 36 53 12 70 47 52 99 45 39 76 17 46 51 42 9 12 94 47 15 64 75 73 71 71 32 43 33 18 92 11 69 23 87 73 71 12 2 33 58 76 70 28 2 9 22 72 36 91 88 82 84 76 84 80 14 13 41 34 13 24 48 25 55 11 12 21 61 28 83 45 56 85 24 58 72 60 55 9 70 88 88 37 80 1 37 52 10 46 40 20 57 91 10
71 31 17 18 57 5 79 35 44 13 35 39 93 13 73 19 29 36 72 18 63 20 53 88 81 54 20 26 61 1 85 75 81 99 31 57 15 93 84 59 71 94 16 24 84 26 95 67 21 82 41 58 98 84 91 100 62 90 97 62 54 50 17 37 70 4 93 79 89 93 62 92 4 34 9 10 97 93 23 46 43 40 25 21 70 37 60 41 38 39 81 76 67 64 36 6 100 28 94 2
23 84 69 89 83 36 17 95 40 52 2 48 53 88 41 12 51 68 85 73 53 36 48 100 49 11 77 5 18 83 4 77 14 27 69 54 95 89 92 80 71 3 96 78 59 49 39 2 42 90 46 90 55 32 65 87 56 43 24 64 52 90 25 82 91 79 29 40 59 95 38 33 75 25 26 46 8 95 21 32 37 66 67 3 73 38 6 32 77 92 25 88 55 79 67 10 44 58 64 21
94 40 15 56 88 60 14 14 51 62 31 88 1 74 80 63 100 52 51 96 37 37 29 30 64 3 20 53 85 4 79 62 59 25 58 28 82 3 56 52 98 63 82 90 6 45 34 59 68 1 56 11 2 14 98 16 71 91 79 14 64 45 5 47 70 12 75 65 87 48 73 66 53 55 20 77 38 59 4 4 27 97 73 21 80 34 88 26 70 91 38 72 87 30 53 47 66 97 99 57
71 75 54 97 100 2 23 11 28 41 13 21 37 13 10 72 97 24 54 81 40 5 91 67 57 26 82 46 60 74 52 81 20 41 74 18 93 100 77 55 38 16 63 38 67 63 27 8 5 20 34 73 33 22 75 10 79 40 98 12 38 19 53 74 11 59 85 24 46 75 55 59 28 8 1 57 69 65 64 41 68 92 57 99 86 89 29 84 67 77 19 27 30 38 24 49 22 28 35 31
100 90 73 37 19 99 69 82 30 52 18 69 43 58 72 40 58 94 95 71 49 46 67 80 7 91 51 69 49 21 33 97 51 59 44 75 92 76 65 85 83 52 46 39 81 4 23 89 11 95 14 18 79 26 70 69 34 65 84 74 21 46 43 32 93 12 98 25 55 36 72 46 7 80 62 15 46 19 22 21 33 95 4 84 81 3 42 4 5 42 14 96 97 62 33 73 15 11 60 84
1 16 53 35 56 21 77 69 54 35 78 23 54 91 28 17 32 15 47 3 55 93 51 33 49 89 94 71 24 94 38 65 91 26 36 1 74 17 92 24 32 51 86 92 6 22 69 35 37 27 64 56 31 54 82 89 92 59 3 75 80 57 23 29 85 29 32 32 32 52 88 45 28 40 42 60 70 85 52 64 8 82 91 33 18 71 36 29 91 24 63 60 97 78 23 84 23 72 68 100
27 28 24 68 50 12 98 41 83 22 37 52 23 26 78 36 4 79 27 17 23 70 18 26 79 90 91 37 38 72 98 52 3 63 68 90 61 72 44 15 82 3 61 82 18 84 7 76 97 38 67 35 63 53 13 73 96 51 24 2 6 29 98 80 31 95 1 89 20 83 5 49 92 15 2 43 5 51 31 17 90 9 25 49 48 86 12 67 58 35 41 87 2 27 92 52 65 74 30 9
56 2 80 14 62 53 66 50 27 78 84 55 4 81 86 64 2 78 47 16 74 43 62 92 96 89 36 8 27 98 96 8 62 52 25 10 99 20 60 94 40 65 4 37 53 87 18 45 3 36 33 37 40 15 22 66 47 71 71 30 58 12 30 24 97 26 75 11 75 87 50 19 92 69 84 98 92 23 46 36 21 20 95 45 36 35 88 67 73 1 17 18 11 67 57 29 53 98 16 20
29 81 23 2 89 62 79 52 83 98 8 79 93 41 13 71 59 55 83 93 62 42 52 41 54 96 32 13 80 40 65 45 18 57 90 97 38 69 39 13 88 73 27 70 99 52 44 83 83 71 76 19 5 38 28 77 33 43 9 7 89 89 56 88 24 62 82 68 90 38 90 13 80 20 54 76 97 75 60 39 88 55 29 71 59 36 24 62 83 86 88 21 16 20 70 71 96 30 73 24
44 57 51 93 94 18 33 91 62 26 83 28 47 89 60 55 52 85 12 83 89 100 82 3 92 67 6 44 97 36 73 89 33 48 73 64 70 36 81 45 5 10 100 99 20 100 54 81 11 39 68 43 93 5 18 56 34 89 2 49 25 11 69 6 73 91 58 50 38 71 43 47 86 53 88 91 79 60 70 79 5 80 58 82 65 26 94 6 55 16 49 71 52 48 83 6 12 39 78 32
17 94 28 3 69 58 94 10 71 22 90 79 52 89 63 11 4 14 61 2 65 97 50 3 64 96 70 81 76 96 74 78 83 24 53 47 75 5 9 35 36 83 90 66 46 9 86 11 16 83 76 26 70 70 99 78 82 82 44 96 89 69 22 9 14 95 25 1 66 5 12 51 21 47 10 58 36 25 31 66 51 73 2 10 34 70 12 15 46 55 35 67 40 88 78 56 77 72 99 59
99 30 44 74 17 84 55 5 49 15 83 61 33 28 79 1 13 40 25 94 59 34 74 9 90 30 54 4 14 22 45 63 5 5 50 91 2 28 25 13 31 16 64 4 70 4 15 53 95 12 66 54 75 23 93 42 13 15 69 54 24 56 89 22 100 30 64 96 58 88 51 3 84 83 32 13 33 49 74 15 78 79 19 62 80 94 64 1 38 47 12 16 96 98 68 91 52 26 63 22
41 74 73 29 94 65 7 2 55 89 15 90 87 10 89 97 59 84 97 41 26 82 29 33 79 25 92 71 93 58 53 17 32 99 2 2 76 93 64 12 38 86 98 36 8 24 52 75 52 7 46 18 34 31 58 32 34 91 33 39 50 54 45 12 28 73 12 29 73 53 27 44 48 17 31 82 40 27 81 29 87 82 11 99 37 84 100 55 58 69 28 16 5 25 79 100 13 14 69 41
5 100 7 6 71 49 16 94 58 51 86 75 4 20 98 58 36 1 44 80 6 21 2 50 77 37 89 27 97 92 72 77 99 26 77 46 18 4 55 87 46 24 23 87 69 45 19 49 86 61 45 57 31 31 39 18 54 44 70 45 4 35 99 80 94 70 80 82 96 35 29 81 91 47 64 91 88 10 35 36 2 90 34 87 17 2 83 4 53 7 58 17 29 76 59 17 59 8 72 79
66 62 77 61 93 2 66 70 13 4 24 82 73 38 26 63 8 63 29 88 84 24 3 37 29 79 56 65 39 58 8 46 94 86 1 47 76 8 51 95 65 8 60 18 59 29 92 38 13 9 30 44 99 22 7 61 44 28 56 73 96 24 76 83 61 72 43 5 69 36 2 62 18 75 46 46 91 34 58 7 67 67 12 85 11 62 50 16 30 13 2 76 38 41 61 48 90 77 98 71
99 52 39 94 75 75 97 95 28 40 58 92 11 32 87 55 1 85 80 2 40 29 33 50 91 69 91 93 36 36 97 64 36 8 62 79 95 18 6 90 58 88 77 85 22 51 60 73 12 17 3 46 71 40 64 19 38 64 10 55 25 67 29 87 36 47 32 68 73 18 3 69 90 85 82 26 78 2 97 33 72 71 14 10 74 86 87 47 86 52 45 73 43 61 45 42 80 22 60 41
35 71 67 21 93 56 3 94 78 70 14 34 26 58 70 7 41 65 24 2 37 15 34 74 88 77 5 30 54 33 58 60 50 54 41 30 36 26 86 84 35 31 99 79 48 54 95 14 26 21 18 72 76 19 3 40 69 29 86 64 76 31 72 92 5 63 53 85 60 69 13 65 69 80 71 83 59 4 40 41 76 56 36 7 14 45 18 72 10 10 89 64 32 33 58 34 52 39 20 90
90 46 6 60 53 61 39 10 36 18 63 31 17 45 58 98 69 24 41 7 76 95 60 19 24 20 68 94 30 52 87 46 98 94 78 6 65 79 55 40 79 55 60 64 99 78 21 62 72 37 27 62 22 44 36 39 47 66 16 62 53 6 3 51 90 25 16 37 62 54 75 20 59 35 34 77 14 68 4 92 59 83 14 44 73 60 25 54 60 61 86 8 56 70 47 22 70 88 89 48
5 62 95 42 62 93 53 84 7 44 85 33 57 69 53 53 98 33 72 36 57 63 84 98 85 30 62 43 78 22 91 27 39 75 36 62 25 19 40 43 41 86 20 3 91 41 20 1 51 72 47 91 51 93 11 59 12 76 61 11 58 54 66 98 36 81 13 6 41 47 83 2 4 31 17 54 40 8 1 95 35 86 34 42 59 52 85 14 15 31 69 4 55 96 43 94 75 1 20 64
8 44 18 24 61 7 62 88 85 91 27 49 42 68 55 98 75 33 35 91 60 30 85 6 93 58 25 88 10 50 5 71 17 42 2 4 91 26 41 4 56 100 31 79 37 67 28 83 26 96 39 64 47 7 8 25 32 54 44 99 68 31 69 39 93 51 24 89 22 25 17 63 35 95 63 41 76 94 38 84 77 74 75 97 12 100 63 24 59 95 26 61 59 64 10 32 81 77 38 94
57 99 93 90 84 27 19 23 80 95 75 48 39 4 15 58 88 23 94 73 98 60 60 19 16 53 13 28 76 12 16 32 13 72 42 42 81 25 53 41 74 99 87 91 77 31 60 65 48 27 38 39 67 56 39 36 47 26 61 45 3 31 12 19 33 31 12 52 47 40 68 55 24 56 67 63 2 50 16 48 84 31 36 50 80 7 61 80 8 49 82 55 73 13 69 68 100 14 7 3
80 67 40 99 20 19 59 37 51 25 47 35 69 87 43 63 81 33 5 11 81 13 32 54 3 25 37 82 29 91 100 75 51 21 43 64 46 60 28 62 28 28 4 8 53 22 93 90 21 37 79 71 56 26 44 22 11 2 77 21 83 2 23 25 1 43 50 56 38 75 80 81 6 43 49 46 66 45 71 49 6 7 1 12 100 65 97 37 36 19 28 99 13 26 2 48 63 31 36 67
12 85 23 93 19 36 38 83 98 98 98 14 45 70 85 8 2 100 100 18 6 29 10 52 53 92 83 23 48 10 39 65 77 4 82 93 97 70 33 21 15 84 59 26 26 98 44 94 98 30 5 14 11 32 6 68 32 15 5 87 95 37 36 82 91 40 62 32 60 27 87 24 79 10 67 65 5 62 4 25 65 78 55 70 78 71 97 92 2 93 26 34 19 93 58 6 88 13 72 92
73 42 19 62 84 81 3 56 88 4 8 46 4 1 36 4 40 97 49 5 51 67 88 33 47 8 80 77 79 55 6 58 56 69 14 75 93 88 61 76 54 23 22 78 71 97 4 84 36 57 6 70 21 73 82 69 1 92 8 23 25 85 26 19 60 34 90 33 9 42 44 42 40 46 31 32 58 11 43 20 16 66 77 96 9 55 91 50 55 87 82 98 88 83 80 100 80 33 3 65
38 65 44 62 50 84 93 26 18 64 70 35 60 86 26 73 21 71 95 72 90 58 98 64 28 13 49 98 35 53 50 3 21 36 18 69 51 50 43 27 5 20 61 80 19 24 38 67 3 4 55 12 55 75 37 71 95 81 78 3 26 5 27 9 69 19 48 74 95 87 95 12 18 28 87 8 9 76 60 15 12 94 36 22 88 26 33 68 5 44 26 52 94 61 84 26 65 6 29 80
1 35 84 86 36 9 8 16 36 44 76 85 2 25 8 43 45 9 73 3 81 11 91 30 73 12 76 54 49 84 45 25 81 45 41 16 28 41 72 64 71 39 68 7 61 97 6 83 91 48 18 65 14 33 85 57 3 65 96 90 32 89 22 61 12 62 44 63 77 93 84 24 78 83 34 100 60 80 64 79 83 90 58 5 52 90 5 58 98 93 73 78 56 46 31 31 95 42 59 80
58 30 49 94 78 74 12 10 47 11 32 16 98 94 27 40 23 24 17 11 14 54 60 19 5 63 60 98 15 16 44 27 79 100 73 88 68 72 71 28 37 65 39 35 93 12 26 74 40 9 81 56 4 89 14 67 20 32 73 26 38 32 2 16 66 64 66 12 76 62 64 75 70 21 2 5 96 14 88 72 55 12 44 81 44 77 8 62 86 4 15 50 34 68 46 57 31 49 12 46
93 21 1 13 25 60 35 77 12 45 84 66 31 32 25 28 79 89 5 48 99 22 60 26 14 1 91 1 60 6 67 45 4 39 67 7 15 75 70 91 34 85 2 33 79 95 33 51 89 17 79 70 59 88 20 64 25 34 58 94 88 8 69 7 35 67 9 85 38 44 2 30 31 76 94 56 88 43 58 6 56 24 95 87 53 26 5 1 97 45 31 39 72 62 5 26 75 37 2 87
22 36 29 92 87 27 43 16 27 2 87 40 1 67 82 18 10 40 26 52 96 72 10 48 58 48 96 54 24 36 55 56 36 43 94 50 77 80 56 68 8 29 46 97 38 91 37 33 32 98 87 53 43 13 5 77 40 7 50 56 60 29 9 43 57 68 33 64 27 36 64 90 96 62 20 84 1 91 61 28 24 83 10 54 20 95 86 91 5 37 98 64 66 39 76 75 35 53 58 89
60 74 93 92 37 44 46 98 1 99 92 79 67 77 91 95 62 60 48 71 57 69 53 51 57 8 2 46 88 81 77 52 39 34 36 33 15 53 18 45 30 94 19 54 11 78 69 29 78 45 44 40 67 26 59 6 19 18 86 7 2 22 81 67 60 82 44 33 9 20 58 69 91 56 6 62 1 69 46 58 16 69 40 55 33 67 41 93 3 13 1 82 53 49 25 92 28 5 16 59
34 13 66 18 55 87 46 65 90 54 62 50 24 48 35 71 82 18 80 34 88 97 64 25 90 83 70 59 21 62 57 35 99 68 10 15 39 53 56 62 60 100 98 9 25 81 94 52 92 37 99 50 48 64 42 57 1 13 67 29 21 88 9 81 27 8 9 2 20 39 31 41 35 24 18 16 24 52 63 64 71 19 54 94 71 81 71 24 67 88 53 52 59 39 79 61 53 88 73 52
63 72 4 74 89 32 53 77 51 33 64 6 100 7 44 8 8 1 29 64 42 81 25 50 92 27 67 51 46 14 46 73 43 44 18 29 72 77 93 51 96 22 96 28 39 90 89 20 43 84 19 51 45 51 70 40 51 45 55 75 53 76 37 16 47 2 46 4 14 72 45 69 41 89 26 50 28 98 57 96 18 77 7 16 3 86 94 82 44 9 35 27 25 90 83 30 58 66 72 81
62 13 60 17 76 47 44 47 67 80 43 86 71 34 52 59 67 50 61 41 34 79 79 13 29 48 59 95 82 72 83 15 97 27 71 39 62 48 59 97 13 41 96 58 11 40 79 58 29 73 22 20 10 30 72 81 69 96 44 1 23 73 28 19 21 13 81 7 91 7 16 89 13 67 38 1 30 69 89 64 10 78 27 46 96 67 90 3 48 63 79 44 98 9 29 90 34 83 81 5
70 78 9 18 57 59 90 96 92 25 83 30 83 7 31 34 20 100 1 54 49 37 59 27 23 92 51 85 17 60 83 43 53 96 4 44 2 68 17 45 28 90 59 64 23 92 2 86 52 7 8 34 39 18 52 40 32 55 19 68 75 64 93 37 79 81 17 4 66 94 26 85 86 27 35 40 67 38 31 13 38 27 48 84 83 69 94 3 87 47 85 4 81 74 25 29 36 44 36 12
29 4 13 14 24 80 19 64 20 18 21 41 28 20 40 47 6 58 21 61 90 84 3 44 82 58 98 89 95 84 86 17 89 66 30 74 37 53 15 71 99 39 54 28 54 85 68 77 54 12 18 100 74 83 46 27 34 18 72 23 68 66 25 5 84 14 85 90 9 11 83 24 97 12 30 22 65 70 86 10 64 2 79 99 91 23 69 29 68 25 65 56 42 53 22 15 21 46 19 55
61 4 92 92 37 75 40 88 90 67 70 88 94 39 34 12 28 52 91 60 100 72 7 1 53 94 89 7 77 42 70 77 99 92 93 41 80 9 46 41 71 26 67 28 13 95 67 3 35 53 25 69 11 69 20 56 25 87 30 69 90 4 59 12 95 19 15 90 37 73 33 76 36 14 50 9 84 7 98 14 51 56 42 82 9 78 45 66 80 11 97 63 98 74 74 2 72 7 64 65
65 50 68 59 90 90 70 73 20 42 17 17 64 50 25 80 70 36 1 94 82 81 11 9 14 32 94 81 32 95 82 41 67 70 82 96 80 12 65 89 7 94 39 98 29 43 53 8 51 26 84 80 69 52 12 98 18 98 3 5 50 39 68 10 41 54 4 77 56 65 64 82 45 49 2 23 80 27 9 31 94 65 20 76 58 7 35 36 24 23 82 44 76 93 43 100 24 96 85 93
57 79 57 1 77 4 99 90 97 83 84 30 1 47 51 63 67 49 20 91 45 23 99 5 7 54 67 77 38 9 48 91 18 59 38 99 62 31 32 65 56 10 78 46 16 26 97 34 64 69 36 58 74 10 54 97 56 33 5 67 10 66 41 74 18 9 35 49 13 79 26 13 54 52 35 99 8 8 22 91 47 9 29 83 78 14 91 53 32 51 51 94 92 42 9 44 77 86 74 60
20 46 41 31 57 69 45 74 83 97 69 55 7 47 5 1 69 75 39 4 100 48 60 87 17 13 65 48 38 49 36 93 30 64 97 38 25 5 74 8 44 10 7 100 2 73 34 85 49 55 40 71 98 51 88 77 98 10 62 47 58 92 75 88 51 62 26 92 23 23 44 45 68 27 37 96 39 49 94 59 87 22 66 95 1 31 20 65 17 52 61 53 64 59 1 94 34 91 26 76
36 70 60 31 79 72 14 4 55 52 1 5 69 52 44 83 31 55 37 74 46 10 40 75 80 36 3 90 14 26 73 77 59 61 53 61 34 93 93 76 76 48 100 60 43 32 34 82 43 15 54 53 21 55 87 58 62 22 44 91 80 95 46 77 16 53 14 27 73 66 43 11 17 86 86 30 27 74 35 28 79 45 62 34 66 33 51 90 18 44 93 43 33 46 93 25 42 48 79 87
67 38 73 100 7 51 56 30 43 10 38 96 69 1 98 80 66 19 39 69 33 10 45 8 54 90 66 44 79 2 91 65 85 89 14 81 7 12 29 58 68 81 71 25 11 66 22 33 70 49 49 52 48 21 66 4 100 41 55 35 31 31 4 92 68 71 13 6 95 89 92 17 66 80 13 70 26 26 21 68 75 91 27 4 40 51 27 48 1 89 61 41 11 24 1 67 6 26 61 7
58 80 96 8 6 46 6 63 65 50 35 4 100 79 24 24 31 23 33 54 68 55 42 27 69 92 26 41 33 64 95 49 46 3 60 81 69 1 52 28 14 37 3 78 77 37 2 65 96 86 23 61 46 49 98 60 44 49 69 90 72 7 70 56 45 62 63 66 34 25 37 85 46 30 1 16 84 80 98 48 60 53 58 39 59 16 16 88 24 51 93 100 41 21 47 95 95 25 27 64
88 28 33 97 53 87 6 26 39 64 54 59 37 9 48 7 6 83 4 88 91 29 88 93 31 14 84 45 50 49 17 98 77 87 50 77 6 11 56 88 93 30 99 11 38 95 2 34 46 69 63 24 90 30 9 45 39 78 32 49 79 35 99 17 90 13 66 79 41 48 61 5 92 31 90 40 2 83 49 19 82 82 76 96 63 20 99 96 93 75 54 96 44 95 11 32 32 71 18 9
75 86 37 5 68 85 84 69 79 70 83 76 52 47 15 76 22 42 50 98 56 39 76 58 96 21 79 90 72 23 43 48 26 35 89 65 8 30 68 26 75 91 55 68 86 4 94 55 17 79 97 89 94 95 86 57 65 33 47 93 84 34 1 72 63 67 69 8 79 1 6 1 5 21 65 5 41 70 41 56 27 47 72 16 34 94 64 38 16 94 3 95 9 58 76 30 36 35 65 55
35 27 83 55 53 71 92 85 77 65 98 78 29 53 47 15 31 58 75 34 88 25 61 51 46 41 76 32 56 10 41 23 99 86 43 17 7 59 92 82 96 12 27 98 90 72 51 91 86 92 48 42 52 9 8 86 87 29 9 5 24 62 59 38 47 49 65 59 2 27 11 96 93 36 56 39 92 64 72 98 52 80 52 66 32 37 2 62 17 72 80 15 8 18 7 2 41 63 77 11
79 43 26 22 24 98 19 99 16 66 30 16 74 50 57 38 99 19 82 6 40 87 56 28 7 34 25 4 35 88 55 80 23 70 10 81 86 39 15 73 44 59 19 52 33 55 13 90 86 68 16 85 77 41 56 77 73 59 4 29 92 19 31 100 3 86 31 76 43 75 57 66 89 21 27 29 83 53 60 62 13 39 37 41 87 3 35 22 29 8 34 55 40 65 54 52 88 100 59 30
82 13 59 33 39 14 21 43 11 30 31 17 10 50 18 25 25 31 29 22 54 14 2 66 19 14 26 43 88 37 56 52 4 98 64 52 73 17 100 29 78 53 78 38 11 92 60 68 100 46 67 2 2 6 59 37 44 36 31 9 78 2 68 85 55 55 3 36 49 8 5 39 47 67 72 79 38 45 44 87 100 81 22 17 39 50 95 16 64 42 68 50 14 4 79 72 75 59 60 39
57 91 34 50 4 22 97 4 54 80 86 11 23 46 88 42 65 20 74 19 66 82 38 7 55 32 93 85 46 63 97 5 63 18 80 41 36 86 35 76 52 72 20 76 41 30 62 26 87 92 23 85 68 54 55 25 96 21 59 43 72 78 62 70 84 100 34 31 8 46 17 3 90 51 73 2 14 48 41 14 15 17 68 19 81 99 8 76 92 21 17 48 19 22 3 68 62 10 83 85
33 30 82 93 15 91 50 46 5 25 96 26 34 26 61 79 83 2 6 49 19 17 16 9 36 37 51 47 21 76 49 61 67 33 31 89 77 74 26 23 68 55 67 4 49 67 37 67 19 31 88 57 79 84 71 80 45 91 39 87 20 17 34 37 99 48 92 42 40 52 74 48 57 93 57 40 72 75 82 11 97 3 37 41 11 29 17 34 18 81 88 94 4 86 8 52 20 35 12 66
