25 81 57 30 82 51 29 98 4 76 52 5 88 42 71 39 48 54 96 13 9 39 96 49 30 45 66 20 53 35 70 58 44 42 20 100 32 41 60 60 49 2 61 52 27 90 35 27 78 26 28 5 35 27 54 21 40 39 32 74 86 85 80 62 27 19 98 71 48 46 67 37 44 50 21 85 16 26 100 65 8 60 17 14 85 47 68 6 30 75 7 4 21 46 53 9 86 34 53 1
36 61 97 20 62 44 70 28 54 2 50 1 71 84 59 47 78 49 27 88 28 20 95 84 43 32 45 3 83 4 84 14 61 93 60 74 82 6 13 36 94 71 34 6 81 17 67 99 31 7 13 2 31 80 62 6 51 68 39 54 81 18 24 7 11 17 19 57 16 36 3 44 100 77 39 6 84 33 34 83 63 12 97 74 71 100 15 26 42 82 82 19 66 76 25 60 29 98 3 73
99 14 67 28 2 54 2 100 17 96 25 100 19 65 91 96 28 24 4 85 63 20 7 49 65 55 46 69 24 95 25 68 11 29 19 43 82 41 64 63 3 57 26 89 68 1 8 69 93 11 22 92 21 18 8 9 91 38 1 29 61 89 60 62 51 7 12 17 18 36 38 89 21 39 51 81 7 96 1 16 96 12 6 24 47 22 64 40 10 54 72 25 66 22 37 53 43 83 2 1
83 54 96 12 17 57 98 94 54 61 2 91 32 12 88 19 71 88 9 6 28 27 100 69 51 35 16 94 63 89 18 59 84 32 48 25 68 29 86 1 49 22 14 1 87 16 54 4 28 5 46 51 50 2 33 89 77 43 26 26 89 94 30 17 43 84 11 11 8 2 85 89 41 99 1 73 66 80 79 25 64 78 69 4 64 52 61 92 88 53 69 74 42 38 41 87 71 18 51 55
39 57 92 92 20 40 94 99 47 9 83 78 60 21 84 64 65 25 93 83 69 4 95 93 95 99 25 82 83 97 62 65 79 59 18 74 61 15 24 14 49 77 72 11 10 14 47 85 9 80 81 29 90 95 46 100 50 5 68 97 87 34 30 68 85 42 90 20 100 87 43 61 10 12 43 33 3 68 89 80 60 44 18 11 64 43 10 28 4 39 55 69 54 92 50 15 52 72 77 3
66 72 8 18 91 89 47 23 78 100 2 47 85 62 32 87 70 40 1 29 15 59 3 8 23 15 91 27 5 61 100 92 10 88 22 34 85 49 11 42 86 10 45 46 72 97 21 29 91 38 73 69 59 99 71 68 100 38 60 18 94 32 72 63 58 72 29 12 65 7 71 69 17 83 43 85 51 23 9 79 49 82 95 6 60 35 33 44 60 7 82 27 68 72 20 66 99 31 59 22
90 13 67 48 35 44 36 59 6 96 37 81 62 47 70 79 34 29 98 76 56 39 84 66 85 95 77 38 8 86 69 70 4 36 26 97 66 1 11 28 99 72 41 40 96 31 52 31 81 56 32 18 29 65 90 47 83 82 20 4 62 34 57 30 13 38 53 97 34 30 93 81 6 76 61 24 90 28 29 95 21 42 67 46 33 50 14 79 57 54 50 83 7 12 66 96 75 74 41 16
55 47 59 49 16 86 80 70 35 86 28 49 36 76 64 81 53 8 92 95 41 23 27 13 53 44 28 86 1 73 52 39 70 92 49 2 22 13 25 79 77 81 36 85 8 66 31 14 5 92 53 1 98 57 20 76 46 78 27 53 71 36 99 95 79 72 61 60 46 68 58 76 79 38 59 13 2 58 1 14 2 74 31 82 91 28 84 100 31 7 64 59 18 79 52 57 44 38 35 9
60 88 22 40 49 87 65 96 75 65 75 97 87 71 62 20 46 53 44 17 22 53 79 45 79 27 62 46 83 90 29 12 90 26 74 83 22 17 48 35 82 45 51 96 57 92 39 73 34 85 39 38 30 19 46 2 58 86 24 13 21 99 39 50 87 6 27 67 99 6 56 74 25 6 58 2 89 12 26 68 83 12 93 37 36 20 68 42 85 4 98 47 38 100 7 90 45 19 50 27
53 7 39 1 55 81 78 95 51 87 85 19 56 79 84 96 38 38 1 93 15 77 66 85 40 43 19 14 89 14 14 22 26 92 20 27 86 75 84 55 38 47 19 59 71 98 5 51 42 99 69 40 89 95 94 3 2 15 36 55 49 65 56 51 12 96 32 36 33 70 89 18 17 91 21 46 100 53 48 21 53 64 87 38 38 80 82 52 65 43 87 92 12 3 91 93 53 41 90 41
98 50 1 66 24 45 42 29 41 76 69 43 81 33 7 95 34 91 66 54 1 85 77 36 25 62 68 42 47 5 29 18 36 34 48 62 52 6 71 67 71 51 40 96 4 100 7 45 11 92 34 9 40 81 46 12 88 91 37 46 47 28 74 25 92 5 33 79 50 81 66 35 85 89 14 85 84 42 21 6 81 42 23 79 84 54 65 39 33 67 5 86 57 26 100 90 21 58 48 74
36 26 9 52 62 71 47 56 68 98 57 74 57 1 75 24 41 61 85 27 77 33 54 40 72 91 3 17 4 96 72 13 7 19 13 70 8 28 53 44 26 16 89 78 62 84 93 10 41 67 89 87 67 44 77 6 26 53 31 20 42 93 9 8 62 77 5 39 72 91 52 96 79 26 57 39 63 95 45 56 22 33 32 73 39 26 94 68 54 32 5 80 56 43 90 7 83 2 4 80
7 4 48 87 90 74 20 33 79 84 78 70 97 66 61 62 26 89 62 18 74 85 33 99 13 15 79 93 96 38 88 3 31 59 100 18 40 52 19 5 40 90 13 20 91 2 39 70 67 83 50 81 85 36 17 30 13 76 23 53 62 84 30 8 76 76 87 98 45 85 96 81 25 51 28 98 8 65 82 100 87 64 4 91 82 91 6 48 22 91 29 65 28 75 81 36 37 18 53 28
5 32 93 35 4 61 56 59 74 24 60 99 54 73 66 42 14 20 61 78 39 14 65 10 16 68 51 9 75 78 69 96 16 59 49 13 41 50 79 50 65 7 38 77 20 30 68 95 85 22 65 66 23 44 48 35 1 49 66 73 80 16 49 1 3 91 24 10 78 62 76 34 83 37 71 32 81 63 83 4 94 67 39 48 11 74 46 30 66 91 81 79 22 10 37 1 88 49 24 28
92 11 54 39 52 56 82 82 92 56 86 53 86 12 7 100 53 98 55 58 50 21 67 75 72 79 24 11 36 62 60 4 40 28 57 18 46 73 52 37 18 91 7 80 11 41 50 46 17 91 11 87 43 19 13 48 91 93 92 53 73 39 13 94 36 53 1 42 55 86 30 92 26 99 71 75 75 30 98 74 76 3 47 7 29 96 6 56 26 90 33 23 87 91 60 72 40 100 88 30
49 55 48 67 73 96 83 89 99 45 75 21 15 79 96 21 56 25 61 97 95 89 46 25 47 77 35 32 78 47 15 86 64 38 52 82 67 42 77 10 69 44 61 21 59 16 74 80 42 26 11 77 31 79 81 84 14 100 60 23 5 9 9 49 75 98 5 16 97 56 61 56 67 85 77 38 21 66 8 19 78 10 64 29 31 31 24 36 38 56 37 37 100 55 39 50 42 76 41 98
42 80 3 69 94 26 7 58 45 28 46 62 58 66 42 11 59 67 80 39 51 99 78 86 62 39 36 92 3 100 81 97 27 5 13 27 51 90 25 36 51 13 43 30 47 13 98 33 52 73 94 57 76 65 70 85 92 32 77 32 72 11 91 95 54 58 59 49 64 63 74 34 23 48 32 75 27 20 24 12 11 87 2 49 50 10 14 11 54 32 18 6 4 40 17 74 78 36 16 2
9 10 57 1 69 9 22 68 90 81 15 34 80 24 10 33 58 49 48 17 95 100 6 9 89 36 81 40 69 79 96 95 2 39 71 13 99 71 17 74 31 48 22 11 68 86 39 39 79 10 43 25 64 47 43 96 7 39 58 38 48 85 3 18 45 4 19 84 61 36 92 24 42 84 84 43 68 40 36 4 70 51 98 69 27 98 92 82 84 16 7 79 61 22 1 95 43 79 73 92
39 79 98 71 86 80 53 66 5 39 71 20 65 15 6 61 55 67 9 22 29 93 33 33 82 43 76 81 1 87 14 4 49 36 11 81 84 5 75 13 99 100 61 12 51 37 9 10 29 70 74 76 70 13 27 68 93 53 52 29 92 32 100 35 31 54 85 94 57 15 25 93 39 14 39 97 77 34 84 54 28 16 100 82 22 77 91 86 35 36 71 83 4 88 90 8 57 39 49 36
29 47 60 10 63 22 43 39 92 31 5 7 54 14 45 56 48 8 34 16 35 37 37 83 100 75 11 57 29 52 45 58 48 88 68 85 46 38 64 88 7 66 28 92 53 57 46 39 99 7 42 17 98 3 2 87 77 79 57 81 87 60 17 66 97 96 24 51 93 41 74 26 72 21 38 8 40 80 46 35 11 27 71 15 81 61 64 94 48 36 48 44 93 14 46 98 14 26 79 69
41 43 58 95 46 23 98 100 29 69 76 32 52 83 94 82 22 40 100 44 15 35 49 49 18 16 89 37 100 94 54 33 60 10 38 90 91 26 19 41 93 1 44 24 69 64 54 15 17 7 48 10 14 80 93 98 68 5 31 90 19 77 75 33 28 11 74 71 37 47 60 74 37 16 70 98 14 63 98 2 56 46 58 38 49 78 77 66 24 92 64 74 65 19 34 53 70 37 57 91
71 85 22 80 58 96 100 69 80 12 15 38 47 10 33 76 7 11 54 19 28 90 12 13 67 54 66 78 53 19 83 33 73 9 97 96 7 86 74 41 69 84 39 22 68 22 83 84 35 22 6 11 6 1 16 57 10 14 37 15 50 31 4 46 7 27 18 81 16 75 19 61 52 57 56 92 66 90 10 21 48 48 71 41 52 50 92 26 96 62 35 72 20 30 81 26 55 19 84 90
67 87 54 100 86 37 90 5 59 11 88 83 92 22 45 89 31 57 85 9 99 87 93 48 81 95 27 29 96 3 97 25 28 75 87 31 21 84 8 8 47 67 54 86 86 32 26 69 51 100 53 18 46 40 95 53 19 89 33 56 7 6 5 34 75 92 71 99 55 97 69 87 28 17 47 5 49 98 74 11 13 75 34 32 80 11 39 60 7 11 11 92 4 68 69 54 81 96 29 21
65 10 71 88 27 6 1 53 30 91 71 35 75 46 1 82 1 71 7 56 59 78 95 75 42 29 50 22 19 52 75 20 91 62 47 5 47 54 31 83 45 71 87 48 29 55 69 48 88 86 75 85 57 4 46 64 94 2 44 1 61 86 1 99 51 91 6 15 76 33 76 75 3 79 83 94 45 14 22 22 91 76 71 44 80 9 77 18 35 83 42 95 17 11 9 81 56 30 20 23
60 83 1 65 54 30 36 18 29 54 75 20 100 68 9 88 76 48 20 91 45 16 78 31 81 25 65 73 57 85 31 67 26 60 88 12 55 46 45 78 92 89 82 48 38 9 54 39 69 50 14 87 61 32 48 97 90 54 27 8 47 40 65 70 58 100 83 19 78 27 57 85 100 21 93 94 38 16 45 70 8 90 5 8 83 75 14 14 29 39 67 22 80 95 82 18 38 83 11 5
16 32 70 58 6 95 61 78 93 29 85 98 94 10 12 86 47 60 18 69 92 57 31 82 42 100 72 79 60 94 48 66 83 75 92 96 76 89 58 47 98 8 11 28 25 29 69 34 54 92 22 46 25 51 55 67 16 2 31 9 13 79 81 1 76 49 88 85 66 9 1 36 32 37 13 63 11 9 19 2 29 51 26 26 70 16 89 93 92 69 34 96 59 27 16 36 89 38 29 71
94 61 70 56 71 64 29 97 99 54 1 65 45 47 24 95 62 51 10 54 95 38 24 92 67 81 35 62 87 81 52 91 36 67 8 25 2 40 86 63 51 56 2 80 100 83 55 17 41 13 56 34 54 39 97 6 21 12 6 66 79 99 53 93 44 39 1 8 79 47 41 15 71 82 44 93 89 15 34 76 40 58 83 88 96 47 20 26 36 25 6 75 98 38 61 24 79 13 91 18
66 70 1 29 92 61 53 60 87 97 11 98 33 27 71 63 58 43 89 40 61 71 46 71 98 57 37 63 23 45 5 58 72 87 9 25 3 23 84 31 96 18 12 46 58 21 5 87 73 75 53 85 17 70 71 29 22 32 69 68 19 97 10 88 8 18 72 24 89 41 41 15 15 52 83 25 80 12 65 63 79 14 32 93 45 97 85 27 62 88 69 62 28 26 86 5 99 94 55 11
64 91 38 31 5 97 82 84 1 18 78 51 70 16 3 10 89 90 72 65 100 26 59 43 40 74 49 11 88 16 6 26 21 89 42 71 91 91 16 31 55 98 51 6 75 26 20 40 38 6 18 60 53 13 3 43 87 90 39 48 64 16 39 85 84 97 28 76 51 99 39 6 13 44 76 65 33 8 2 31 13 78 96 3 99 43 50 94 56 17 86 75 94 22 96 75 71 94 78 1
40 19 75 86 27 68 82 43 44 49 96 58 43 23 53 53 60 7 40 98 72 60 35 70 25 74 2 84 39 10 8 84 28 3 93 93 11 72 35 17 2 99 81 39 96 33 75 79 7 72 29 24 39 77 85 35 29 86 81 49 59 42 57 12 99 47 65 80 85 38 47 71 60 90 75 62 64 29 30 98 50 55 29 49 63 46 31 63 66 15 46 3 60 86 69 67 40 51 36 45
19 61 62 33 59 4 94 91 63 79 11 4 58 74 43 46 30 29 34 100 94 66 100 86 59 76 67 83 18 57 74 30 36 32 6 30 25 21 55 17 63 37 39 21 81 68 58 68 77 79 33 78 63 59 57 92 39 65 96 18 100 73 80 5 6 40 40 1 29 94 20 34 1 21 21 81 43 68 6 79 34 38 26 60 79 61 6 98 68 10 15 36 18 94 89 81 16 99 7 81
48 94 74 88 29 10 2 56 22 39 23 100 98 44 87 44 83 20 92 79 72 20 7 57 47 100 94 36 25 5 32 41 79 59 6 55 92 41 43 78 74 94 32 94 30 11 100 68 89 29 96 17 55 15 96 70 98 74 44 39 66 64 65 54 69 9 17 27 91 35 17 10 47 49 15 14 58 59 53 73 67 12 26 58 33 5 40 5 83 98 84 81 46 14 99 30 85 83 3 97
61 75 27 49 46 71 98 51 17 7 94 1 68 11 25 39 76 31 78 25 90 93 24 20 55 90 26 92 45 92 29 60 58 86 88 10 48 49 100 33 95 51 26 88 89 79 63 13 88 19 65 57 15 72 35 47 23 21 45 29 53 76 76 37 27 37 30 14 80 17 39 4 35 86 38 61 6 23 41 87 79 15 64 51 12 88 53 24 91 58 70 38 28 86 64 24 27 32 74 10
73 39 40 57 78 59 58 77 84 47 71 99 54 20 58 68 51 50 97 91 13 29 77 66 31 64 97 58 99 67 17 49 26 33 48 1 21 83 11 67 94 55 90 6 31 44 52 51 60 26 1 75 35 37 31 46 50 44 14 30 23 2 85 95 83 32 15 32 94 71 95 92 33 56 91 95 41 78 81 98 73 26 52 5 61 86 49 37 54 32 14 65 88 11 39 68 7 47 22 27
87 28 7 47 43 28 68 91 60 38 5 63 23 16 30 32 8 7 20 83 17 31 13 16 46 58 78 1 71 15 59 5 6 35 35 52 80 15 30 24 96 15 99 58 3 49 61 72 69 26 74 32 96 56 7 40 44 73 3 90 42 94 11 11 55 64 44 41 83 90 69 51 45 8 9 5 28 12 36 89 61 62 73 83 67 84 93 93 22 20 8 68 31 53 62 38 80 19 73 20
6 35 37 97 68 81 57 2 76 73 6 74 76 24 17 10 87 78 69 85 45 64 83 80 61 97 5 2 31 21 73 68 27 47 29 44 53 30 29 9 52 29 43 39 62 81 5 70 62 88 93 9 38 29 65 63 66 15 96 26 93 16 55 34 30 91 81 27 34 56 63 73 57 80 6 85 80 51 46 18 8 7 80 93 45 15 51 7 28 78 83 9 15 81 71 35 1 27 20 14
31 87 70 2 34 21 71 86 34 85 29 9 61 72 20 82 10 16 28 4 27 16 17 9 8 50 3 34 69 46 2 10 84 90 40 39 71 3 12 70 68 51 29 100 1 93 84 48 26 37 67 55 86 42 46 94 70 70 80 89 62 68 58 79 16 11 56 10 70 75 12 56 8 33 43 81 49 60 46 90 33 54 55 79 90 1 79 13 40 97 65 50 88 42 47 68 23 20 16 1
98 61 46 49 85 48 81 67 24 62 79 27 93 2 2 100 56 65 8 59 61 49 47 85 26 33 67 72 60 70 46 19 47 2 38 34 61 71 77 29 49 85 46 59 66 49 22 98 98 14 48 33 6 97 6 65 74 61 61 15 1 53 90 17 38 66 91 31 86 81 94 30 90 71 64 28 88 86 44 69 70 25 52 7 68 90 96 31 55 15 70 31 11 26 92 22 23 15 61 14
14 51 68 67 17 21 34 87 13 86 73 29 8 64 7 98 69 57 9 75 21 58 45 25 10 23 86 7 61 19 33 21 76 81 47 63 19 88 56 68 48 6 99 45 75 69 89 100 46 22 99 43 77 40 63 22 96 13 55 51 98 97 7 41 73 68 21 46 32 31 36 69 39 84 18 73 31 57 95 66 55 99 31 22 57 7 86 39 18 67 62 94 9 44 5 29 82 96 44 18
81 38 48 69 72 12 14 22 65 24 79 35 87 16 19 29 37 39 39 49 43 64 59 94 47 66 44 65 9 75 70 36 98 94 89 41 18 75 8 74 49 1 93 15 69 41 2 97 72 26 63 72 30 10 19 61 86 51 61 64 90 77 37 28 92 89 73 45 78 12 78 56 7 93 94 57 57 89 91 59 40 47 59 78 43 15 52 11 2 50 85 62 17 85 48 47 89 80 80 85
92 47 27 34 35 76 90 52 39 100 90 48 37 13 34 60 18 92 38 46 13 19 98 38 95 69 26 81 22 57 99 53 22 48 46 54 54 81 79 34 4 26 56 11 98 3 77 6 24 58 30 22 10 96 10 31 74 59 81 51 70 70 4 97 82 15 95 18 42 83 14 74 25 53 46 84 56 22 71 5 33 82 66 87 53 56 71 65 99 63 29 39 99 87 63 75 83 47 3 17
41 43 99 54 51 81 22 49 92 2 27 83 9 22 27 6 47 82 89 24 32 67 84 58 1 68 54 6 93 49 84 74 40 13 80 5 37 11 57 98 84 1 10 5 8 100 13 34 79 80 79 68 4 75 62 100 22 25 12 9 75 62 74 89 14 97 22 71 50 87 46 31 46 19 20 34 78 25 35 4 10 30 54 9 97 23 32 73 46 15 13 80 10 27 18 70 97 32 3 59
8 57 69 60 28 32 43 1 45 91 91 71 75 63 6 45 82 18 16 5 83 36 77 62 29 99 32 84 50 69 88 82 19 28 7 36 41 80 17 27 36 23 76 39 46 15 92 90 18 36 21 62 2 7 62 64 73 69 20 17 14 22 79 90 38 17 45 93 78 79 36 72 44 38 71 3 5 17 42 58 76 69 14 85 28 53 7 95 32 94 81 19 5 17 77 58 29 77 77 25
85 54 44 8 84 38 71 23 89 81 72 24 73 34 12 74 74 34 14 39 50 94 31 59 38 57 91 57 24 94 55 9 38 28 38 86 66 82 9 3 96 92 32 49 75 82 64 85 14 92 64 66 85 21 94 39 10 14 85 44 21 83 49 95 12 32 73 1 52 97 79 36 99 65 21 2 2 74 85 48 4 37 67 21 37 33 63 79 10 57 83 6 1 72 25 15 12 85 31 62
69 100 78 91 35 78 21 33 41 37 94 3 47 59 7 81 64 57 9 62 70 73 47 9 71 64 29 55 45 98 31 49 25 29 69 12 37 32 77 1 38 40 17 99 79 75 89 4 80 19 75 85 7 37 15 35 56 58 42 18 79 22 59 53 46 96 42 65 22 66 31 67 68 65 98 10 81 31 44 25 34 33 95 33 44 1 42 15 32 12 64 78 53 56 23 67 45 29 43 17
43 91 94 61 26 74 28 82 29 63 34 93 90 79 20 100 65 22 69 81 70 20 30 54 81 27 96 61 25 91 11 66 74 23 18 25 49 13 24 32 13 4 14 13 3 96 45 6 20 55 63 57 75 43 71 61 38 83 62 50 2 86 62 84 24 95 17 26 76 48 34 48 57 92 33 39 23 51 47 42 57 76 74 86 27 90 71 19 70 30 49 65 7 16 93 8 14 52 70 22
86 32 87 88 70 33 85 28 29 43 68 62 45 38 63 85 90 24 80 1 30 65 3 98 31 87 24 41 94 53 33 3 42 32 79 32 71 90 70 53 3 100 8 5 40 23 38 42 51 17 8 43 6 74 35 70 85 96 24 86 100 3 15 87 47 76 17 54 95 22 27 13 16 15 68 1 11 100 51 65 73 87 60 56 95 16 93 67 15 52 16 98 35 34 50 31 31 75 35 41
19 8 61 59 98 94 51 75 4 37 47 37 95 32 82 97 53 8 58 51 100 83 13 74 17 72 48 31 66 93 84 40 52 19 13 25 93 81 10 87 36 16 98 3 67 47 83 99 62 48 23 57 19 62 55 88 35 78 28 90 64 5 96 60 84 18 55 65 64 10 5 3 38 7 11 23 98 93 22 99 38 69 19 48 68 45 82 82 51 64 89 91 58 76 42 67 16 25 34 67
70 48 80 14 96 58 60 73 96 93 76 47 100 32 51 26 20 23 52 70 91 70 16 31 85 99 74 5 34 16 52 79 99 43 94 70 30 56 92 84 71 78 66 23 92 21 63 49 55 67 1 13 15 5 42 66 21 87 22 16 53 39 7 19 40 44 24 37 92 100 24 64 89 16 96 20 56 52 34 80 43 32 80 90 50 40 46 69 72 78 4 15 39 77 28 46 44 2 71 61
19 36 44 75 62 100 62 98 95 73 18 3 23 77 6 7 8 63 66 44 10 47 66 17 43 38 61 77 63 99 56 67 99 47 46 39 90 48 30 100 20 81 62 83 39 92 63 92 26 94 36 71 48 13 25 41 89 48 52 9 9 64 87 54 90 96 72 95 86 41 67 14 1 29 29 66 60 92 17 75 92 70 12 82 41 23 82 34 68 86 91 41 46 50 20 59 30 67 38 57
1 35 39 87 26 64 48 39 1 61 48 38 49 39 96 36 52 16 94 19 90 96 17 77 87 19 27 81 26 32 65 93 58 56 53 16 69 32 38 22 56 78 42 38 8 66 41 38 97 62 57 68 74 11 47 20 41 58 26 35 50 75 55 13 51 19 89 5 5 17 75 25 4 70 66 60 70 70 66 12 86 79 5 22 56 81 26 12 94 41 17 48 100 81 38 71 89 77 83 94
89 67 67 38 56 21 90 36 69 36 91 5 34 85 17 85 90 80 79 10 68 41 61 95 86 19 59 57 77 66 86 31 48 99 33 54 98 16 54 12 50 59 38 53 48 19 47 83 60 38 45 83 84 26 81 65 87 96 47 76 79 61 72 59 22 31 21 27 63 41 65 99 30 85 66 65 56 43 16 67 55 30 22 52 84 18 89 85 7 15 53 34 21 39 38 16 66 75 35 45
65 9 45 36 65 21 79 94 18 11 53 69 4 51 50 7 90 44 86 24 84 30 27 73 4 82 60 80 54 12 1 52 9 84 59 9 69 95 65 19 5 23 36 4 86 5 11 63 36 44 98 5 91 23 5 10 79 4 80 65 81 2 68 70 11 43 73 75 71 88 13 51 74 83 1 18 90 11 24 29 33 2 27 84 46 54 64 74 43 45 27 15 93 65 48 36 33 70 40 86
68 81 95 68 81 45 29 55 26 74 7 19 49 28 66 79 36 61 3 78 5 23 48 2 63 37 19 35 77 98 2 36 84 12 47 42 23 24 52 92 17 35 19 33 19 44 40 41 13 79 55 19 56 37 29 79 64 30 92 70 41 75 2 47 99 25 76 96 27 6 76 20 2 72 79 48 85 74 43 81 48 34 26 34 25 26 64 36 54 22 63 58 37 9 76 58 40 22 60 71
39 32 62 76 55 7 11 71 27 11 54 64 11 6 79 23 98 49 94 91 58 5 8 98 54 54 52 44 38 66 83 13 16 47 57 14 89 29 75 26 72 26 60 82 3 12 91 20 17 80 54 90 83 91 55 32 43 65 40 43 71 66 46 83 65 66 83 1 6 61 51 82 50 27 99 55 25 3 71 59 49 77 43 75 28 72 40 19 23 18 62 78 21 82 38 1 29 22 59 72
79 8 75 37 94 79 52 79 69 41 37 52 65 15 55 51 75 5 26 7 53 8 89 75 22 55 98 16 99 89 39 72 21 5 33 14 28 94 71 15 72 30 65 74 55 64 69 42 67 91 75 88 26 40 99 61 86 12 7 93 22 57 28 26 94 36 4 13 19 69 52 14 75 87 10 75 46 47 11 83 87 87 57 29 44 15 65 64 93 32 52 10 90 16 75 91 93 61 6 17
54 86 22 66 71 92 84 100 75 45 58 56 26 79 62 13 1 15 79 40 10 59 53 5 22 75 70 44 52 7 26 64 43 60 81 54 58 20 48 92 21 24 58 87 20 13 95 53 20 70 80 7 3 29 1 96 63 54 80 39 2 58 18 38 15 49 27 69 93 42 45 44 61 26 30 51 74 63 80 96 70 95 67 79 90 66 48 36 40 53 69 64 11 33 52 19 12 30 89 25
89 54 18 62 19 91 10 39 27 84 23 74 77 71 23 50 53 72 100 56 89 34 10 19 46 33 4 64 56 77 60 97 8 68 58 53 63 60 85 35 30 94 89 64 65 16 93 10 27 68 78 41 95 19 96 57 8 81 79 65 46 14 77 73 28 63 23 38 34 72 77 33 5 80 45 43 47 14 24 77 7 79 26 99 85 38 54 78 36 13 76 6 61 87 75 12 19 80 3 2
47 78 91 61 1 88 13 54 12 22 6 90 24 52 2 29 53 26 73 63 55 97 40 47 4 46 17 81 62 51 72 29 1 13 97 54 26 55 62 83 60 26 90 16 100 93 30 8 53 87 63 53 3 26 4 80 30 97 44 82 4 64 84 10 45 60 43 14 72 82 90 89 11 54 90 51 31 26 36 4 74 37 67 90 95 47 29 54 84 7 10 85 75 52 4 47 93 80 32 76
84 27 78 27 34 74 76 69 20 71 16 41 91 55 22 40 25 63 65 17 52 55 36 75 95 7 13 41 83 7 99 86 18 68 39 73 50 63 37 64 1 2 74 4 35 45 67 9 68 26 43 22 91 98 89 8 52 27 82 36 32 88 12 11 99 6 19 81 28 37 65 80 42 96 73 30 2 76 1 94 47 81 8 85 40 12 99 76 29 72 79 65 56 29 3 65 40 74 22 49
57 84 13 70 16 64 62 40 17 60 73 46 19 48 39 15 92 15 97 17 68 89 91 30 66 26 80 17 50 97 21 44 45 42 97 32 40 78 59 56 75 42 66 70 35 32 87 25 81 24 17 91 14 25 34 38 89 82 8 46 10 61 89 47 51 30 10 54 48 60 1 16 41 66 98 30 38 29 30 74 71 62 69 60 3 54 17 27 33 31 50 1 49 10 69 17 71 88 35 94
44 54 88 59 23 52 1 79 41 61 82 68 21 20 86 72 32 18 84 79 32 82 70 73 48 27 45 93 41 58 77 69 51 28 94 79 37 30 11 68 92 69 12 67 12 32 33 30 72 63 92 59 66 53 49 69 38 64 31 55 4 41 10 24 9 47 40 78 52 39 89 14 44 16 28 54 65 24 26 94 13 75 39 7 63 96 37 41 73 69 55 86 90 81 24 60 52 27 85 84
79 8 4 65 63 17 10 84 85 89 43 70 13 6 87 89 4 95 44 28 46 2 8 21 91 30 74 53 38 31 57 99 7 78 53 52 16 90 73 19 95 33 18 25 34 16 23 55 100 50 81 41 59 40 11 9 89 3 52 81 70 94 71 88 40 65 58 37 99 28 94 64 49 63 53 27 18 41 40 52 27 95 86 52 53 49 76 59 93 46 70 81 20 20 55 41 26 74 89 37
57 18 47 86 55 46 98 58 12 94 29 73 66 55 80 45 10 57 86 29 82 26 18 65 37 77 24 13 54 36 16 39 19 28 78 69 19 8 40 73 21 17 60 92 28 5 50 17 83 46 93 19 6 21 73 30 57 47 42 37 89 68 75 90 3 91 28 47 9 89 20 75 48 24 21 92 30 66 28 28 42 86 90 32 7 35 50 41 9 58 45 42 17 2 46 17 55 100 41 10
91 27 4 22 50 47 14 12 60 27 35 11 6 45 82 75 49 27 84 5 55 52 56 91 35 11 65 37 85 15 43 42 5 95 19 98 25 85 34 64 77 59 9 35 33 8 19 67 90 94 75 98 82 66 5 73 78 88 4 51 12 71 83 2 95 50 81 44 19 32 5 5 100 60 54 71 88 62 75 28 83 26 46 9 70 65 78 64 12 55 12 6 62 36 32 68 31 15 53 80
52 65 81 85 56 54 6 28 64 34 89 89 58 6 43 58 92 26 84 87 68 78 17 79 32 88 64 89 98 85 45 91 57 55 86 13 36 64 53 22 28 75 93 50 11 61 62 17 5 45 89 66 81 9 48 73 49 72 66 67 65 1 46 19 90 40 18 42 18 79 38 47 7 76 87 39 91 75 100 43 64 56 86 5 53 69 27 30 79 58 59 98 29 97 66 70 25 85 55 62
27 66 11 44 13 27 34 58 79 90 99 70 96 71 15 67 77 67 75 59 67 74 93 24 42 91 67 97 29 80 17 71 25 3 25 65 62 41 66 39 49 87 8 96 10 14 53 87 37 99 13 30 83 55 84 89 36 100 42 36 15 63 60 48 22 90 77 68 4 42 51 42 7 32 62 46 23 69 44 39 92 64 38 13 2 3 9 5 96 90 39 24 29 23 23 51 83 63 41 93
44 20 91 61 53 30 78 79 63 71 93 64 13 68 12 51 76 90 91 47 30 32 84 1 27 17 31 50 6 82 82 21 78 82 70 13 97 21 59 79 65 70 82 16 41 69 19 5 81 14 78 81 100 92 54 82 34 100 31 30 7 12 27 77 99 29 80 3 74 4 68 38 3 80 36 74 28 5 71 97 35 47 96 31 13 99 40 14 74 73 57 20 72 11 74 2 31 77 4 10
10 77 24 79 23 90 56 17 84 2 44 68 17 50 84 2 95 37 18 1 71 56 30 78 54 35 40 29 72 90 69 56 37 7 69 8 98 95 35 74 63 36 26 45 2 11 55 48 9 79 50 65 90 20 51 81 87 92 46 8 99 49 14 79 43 70 88 100 55 98 98 21 49 47 62 63 45 5 27 64 94 30 40 55 92 28 47 59 71 99 49 30 55 84 92 16 82 1 55 42
74 50 63 95 25 52 95 51 76 93 7 80 78 23 89 64 30 16 4 27 4 17 59 91 90 84 9 70 3 40 46 91 94 66 26 26 68 67 59 40 26 47 40 65 39 15 56 29 1 79 98 28 39 43 21 79 54 77 9 75 55 85 1 70 73 24 91 52 67 27 49 84 8 100 61 62 10 74 16 29 4 4 56 57 98 43 6 41 79 32 72 23 10 38 61 50 30 19 46 97
48 12 82 65 50 71 69 60 86 6 38 47 8 54 4 78 25 26 95 41 95 79 14 71 23 24 86 90 24 20 7 100 40 34 78 52 69 67 41 68 96 51 7 21 9 74 90 52 90 29 91 65 97 75 28 31 62 28 60 29 65 86 6 46 21 18 51 100 4 26 28 45 45 61 70 52 50 20 56 63 71 88 68 53 41 19 92 15 73 90 81 40 97 94 10 19 84 36 89 55
90 8 79 53 12 65 91 32 46 34 23 45 53 85 90 28 27 75 13 61 88 44 91 61 30 40 49 72 99 81 23 68 81 68 100 74 35 86 33 12 31 84 67 15 79 61 7 28 56 59 90 86 63 31 81 4 12 47 30 55 91 1 59 91 57 57 72 31 64 17 5 80 31 27 37 69 53 13 1 2 15 23 43 86 9 14 48 52 47 52 65 100 82 38 90 15 18 39 34 3
71 97 86 1 91 80 23 14 99 85 70 34 42 38 62 74 75 42 81 40 50 36 55 75 97 85 64 82 87 55 25 25 52 36 96 58 24 15 51 57 40 67 74 24 63 66 22 88 3 3 75 90 12 38 66 54 52 10 13 77 32 3 57 57 60 64 80 47 35 81 34 12 29 25 13 3 62 8 69 23 32 70 39 61 27 62 86 3 49 91 60 57 78 83 72 81 59 17 33 77
2 31 66 14 67 22 75 15 53 70 88 99 68 43 18 55 16 88 19 91 51 6 57 65 75 5 4 2 37 72 8 35 19 3 45 74 89 50 62 8 7 76 17 54 73 76 32 81 37 21 89 43 79 37 49 100 1 30 22 28 100 26 93 96 95 37 32 72 50 56 89 34 58 68 38 55 83 32 2 12 31 28 28 61 86 53 83 90 4 35 95 68 95 72 45 60 59 20 80 43
72 35 61 1 39 26 63 21 30 87 75 25 20 54 82 5 69 77 93 56 95 26 67 4 14 9 30 49 40 47 95 99 20 70 92 91 86 45 24 60 15 14 22 5 32 41 50 46 26 2 92 11 42 25 36 42 40 98 6 14 46 32 46 100 88 18 68 62 54 73 20 79 61 13 45 71 20 58 41 55 58 76 94 64 99 46 78 61 46 19 77 48 1 99 43 83 24 40 16 6
63 75 74 81 46 88 65 78 94 92 46 24 97 34 40 61 59 64 64 28 85 78 67 67 96 86 15 35 42 76 29 89 44 21 9 11 15 70 31 56 12 67 24 37 94 93 3 83 88 25 43 11 32 28 50 81 8 61 90 31 15 24 32 29 3 16 39 70 99 34 23 82 40 70 32 42 73 14 63 59 29 68 19 34 10 33 42 76 2 97 92 42 79 41 2 32 16 84 68 42
55 26 7 32 14 45 74 17 29 19 22 53 6 70 93 32 60 97 74 44 3 89 1 42 98 43 28 14 88 11 79 24 11 85 55 72 26 41 60 73 53 4 74 83 80 1 40 1 50 27 100 92 48 55 46 68 6 38 100 40 22 45 26 73 73 60 19 9 22 39 30 51 25 94 49 34 58 39 83 90 21 51 93 44 50 52 89 56 6 55 49 64 58 35 10 27 7 41 32 77
72 83 5 54 60 26 54 23 25 99 99 23 19 98 50 47 24 91 28 30 87 95 11 7 93 87 72 11 52 57 24 13 39 13 39 4 62 40 73 80 78 10 65 30 53 82 31 12 71 73 85 42 26 59 9 33 14 17 78 78 13 68 40 57 14 33 78 70 66 46 58 65 65 25 67 17 25 57 91 78 60 70 38 91 29 94 58 96 20 26 49 90 32 54 59 5 83 55 64 65
31 100 28 50 65 12 19 22 48 98 100 75 21 47 9 81 27 43 12 94 11 54 62 34 99 39 37 30 88 76 61 72 39 18 26 9 15 11 100 21 74 81 89 51 25 20 48 84 5 4 21 95 78 32 16 92 66 10 14 62 3 73 47 50 93 24 11 44 9 23 98 42 70 22 69 96 56 22 63 87 81 73 32 65 29 27 80 31 26 30 54 85 27 82 66 58 26 14 69 25
52 30 9 4 97 75 71 55 66 32 35 68 89 71 91 3 54 20 8 73 72 10 98 74 24 74 64 72 64 78 77 20 7 37 3 8 58 15 87 15 67 16 60 13 79 7 11 28 54 27 60 1 52 51 10 71 2 54 27 69 81 78 95 18 48 65 55 47 34 76 84 82 29 28 99 59 53 68 16 41 55 29 29 11 73 8 35 61 82 1 51 55 30 70 69 51 93 82 61 63
62 7 35 77 19 24 30 79 65 65 34 27 55 53 80 32 94 100 91 5 35 39 37 3 1 85 80 92 86 90 34 68 34 38 2 98 71 8 29 38 57 31 5 5 37 63 39 59 62 18 80 32 39 28 16 49 25 26 1 98 92 35 38 97 84 18 53 31 39 25 25 30 94 82 36 69 71 93 47 42 39 39 9 20 83 7 3 30 60 8 26 29 21 40 64 62 92 15 69 68
18 77 89 99 7 51 63 84 8 51 87 3 54 77 70 92 96 77 68 97 54 26 49 43 40 37 70 90 1 13 20 82 73 71 34 50 73 50 2 92 77 36 27 83 100 94 61 1 80 56 27 1 72 46 68 72 77 61 22 14 91 71 61 79 35 59 19 86 9 31 51 49 90 32 81 77 32 41 5 31 61 85 100 75 47 35 33 18 72 99 78 49 89 40 47 24 22 100 48 51
30 25 42 30 25 85 66 69 88 89 11 53 75 91 76 33 77 51 53 16 55 20 4 40 37 15 42 2 81 80 25 18 64 36 53 98 74 73 58 65 18 74 96 75 75 5 56 21 76 96 25 18 27 90 18 21 1 77 74 7 5 35 1 90 44 88 88 30 71 72 62 70 68 71 94 39 92 37 55 90 35 5 46 38 81 10 62 77 14 27 57 1 87 86 32 64 13 29 28 36
39 10 79 62 13 38 52 6 20 30 97 42 22 75 24 31 42 41 93 71 75 39 8 21 54 38 67 32 43 79 76 7 42 82 90 60 64 19 96 31 1 50 46 98 62 17 66 14 44 58 58 23 53 78 74 42 60 43 26 8 64 92 30 31 17 41 64 66 38 75 53 48 31 73 88 45 57 43 96 7 89 46 69 84 20 54 91 51 67 42 30 50 77 35 99 28 86 95 15 27
43 99 25 52 64 22 92 21 80 92 42 56 49 62 19 92 2 89 50 44 58 30 24 69 66 13 1 13 3 58 86 52 14 38 98 23 4 33 42 43 100 50 90 45 95 55 23 25 47 34 86 9 87 28 70 79 70 42 34 65 11 5 54 88 58 95 85 1 27 19 65 42 29 76 24 57 90 37 84 10 15 13 79 39 56 34 74 85 91 71 52 93 95 43 53 60 35 51 80 52
19 20 85 34 19 52 54 31 27 91 66 70 2 91 48 54 91 6 57 96 78 56 27 6 95 88 3 90 68 28 19 100 12 63 68 73 26 32 62 44 55 39 79 91 77 43 56 54 4 64 2 87 44 92 43 94 51 80 70 44 76 75 26 73 90 48 57 93 93 14 70 56 16 10 5 61 43 86 32 90 2 99 46 51 18 83 74 73 68 64 29 87 67 1 42 81 79 2 1 58
94 65 94 74 4 89 18 84 48 12 14 80 31 55 84 63 78 87 11 81 73 89 57 30 28 98 8 91 55 9 93 41 24 57 14 42 78 94 53 14 32 93 57 16 10 95 13 95 72 95 92 38 77 60 39 74 57 47 86 56 28 1 83 83 73 79 4 93 47 57 65 42 9 6 74 1 14 61 54 52 36 75 12 18 54 78 94 6 77 27 2 48 15 54 47 23 12 7 34 96
34 32 60 8 92 94 24 35 11 56 58 23 59 67 14 22 93 79 1 83 62 59 16 54 61 57 90 71 98 52 44 70 19 14 78 53 6 61 21 4 24 12 32 13 65 3 57 30 1 50 13 10 93 46 83 23 85 43 6 37 66 67 24 32 38 19 84 29 60 19 38 23 31 34 20 2 78 1 36 1 17 30 50 62 10 100 100 97 10 66 65 69 62 91 57 87 90 97 48 54
78 54 23 43 44 13 13 67 87 82 3 30 25 90 29 97 97 34 43 66 71 10 45 100 36 77 28 70 69 94 51 47 31 67 38 82 1 42 38 13 52 49 28 67 74 93 60 6 22 29 99 44 98 57 95 35 97 93 41 39 39 87 75 98 89 43 18 77 81 86 9 1 83 8 52 34 20 2 57 99 43 89 42 88 4 82 83 20 58 33 15 45 22 88 36 18 97 15 2 51
57 93 90 66 66 47 98 57 21 66 73 51 82 8 17 92 64 8 93 92 81 75 29 34 35 12 77 60 76 82 13 23 3 48 55 14 20 33 64 30 33 14 91 32 66 1 6 57 66 5 5 4 43 89 73 1 79 25 89 11 89 92 46 35 95 61 97 97 50 88 11 30 85 50 14 90 12 59 97 80 34 95 56 19 21 45 79 37 79 80 25 86 10 17 45 1 11 8 63 32
31 92 16 87 42 73 27 96 42 26 74 13 32 69 28 72 65 8 42 25 89 6 95 84 84 13 90 50 17 2 21 59 95 6 11 69 34 54 32 67 99 52 95 24 44 25 91 74 13 28 26 8 15 61 35 16 30 92 83 29 7 54 18 49 44 14 25 57 9 12 58 91 76 48 80 89 40 12 31 73 10 55 3 7 98 69 77 7 25 87 86 12 7 79 58 75 80 81 25 79
1 74 56 87 20 86 20 36 22 50 87 63 76 9 15 11 21 44 58 30 50 73 26 36 7 79 10 93 92 31 53 55 55 73 61 88 65 80 26 18 53 70 57 71 80 1 79 5 12 20 11 75 87 89 6 35 8 73 54 60 73 69 47 64 40 35 34 1 37 14 52 30 93 82 29 23 16 55 32 67 11 69 58 55 90 61 60 86 35 77 25 37 17 33 70 65 87 69 33 56
86 3 32 97 98 82 93 80 7 23 36 51 56 83 59 89 91 47 34 18 8 94 43 74 69 54 82 93 99 69 24 5 75 31 19 17 96 29 31 25 68 45 37 67 31 97 92 70 60 55 79 61 61 65 41 98 83 6 15 48 75 55 43 57 71 42 41 69 63 92 87 90 35 38 1 36 73 19 54 95 26 13 81 41 80 51 5 87 3 79 90 30 9 7 19 19 55 93 9 45
88 35 58 86 34 42 97 92 5 38 78 29 31 30 54 14 87 26 34 12 57 37 16 47 81 9 50 98 92 93 97 93 14 86 4 71 46 66 29 61 88 63 1 3 16 66 82 13 91 56 15 28 45 1 43 4 18 74 50 15 32 33 70 18 30 61 97 45 63 85 77 25 34 56 26 51 87 96 22 74 75 83 85 14 82 72 90 49 1 16 32 76 22 8 41 61 66 6 19 79
95 97 38 41 58 31 57 45 28 51 55 9 26 43 3 49 45 92 6 28 82 25 34 66 51 98 38 96 66 77 76 8 25 71 87 40 67 58 84 81 56 36 41 1 35 10 83 79 93 56 88 5 61 15 34 74 69 45 100 29 2 28 17 13 91 56 12 54 46 73 83 98 83 99 4 7 66 16 4 74 46 91 91 45 42 72 39 80 58 95 32 20 82 57 88 64 15 9 100 82
71 6 16 21 16 50 65 50 73 95 27 34 10 78 86 51 43 77 73 60 41 9 93 63 59 51 58 68 71 61 69 24 22 20 12 71 57 36 32 98 62 55 91 42 95 20 15 13 34 21 48 42 100 47 78 61 89 39 80 52 23 98 66 91 94 65 70 94 79 67 9 18 10 93 70 65 75 81 57 12 98 94 99 49 22 97 54 85 49 28 35 75 52 12 28 99 89 22 17 49
25 87 67 51 70 9 98 27 3 82 23 3 67 71 3 11 4 29 77 6 28 68 62 77 68 25 61 59 15 100 97 21 81 53 29 8 62 42 6 39 89 68 40 79 72 47 83 81 8 20 55 50 31 25 2 29 16 91 2 62 45 39 30 14 88 3 52 19 87 95 20 35 66 63 5 74 2 55 53 36 9 30 41 29 30 61 24 71 16 91 55 28 88 31 55 41 20 80 6 82
8 94 41 34 72 44 37 89 100 54 33 100 65 21 29 31 83 76 34 44 77 6 3 83 36 16 3 75 32 79 97 90 89 39 81 25 74 16 10 56 4 42 2 39 59 87 34 69 22 100 91 43 94 67 99 2 37 47 50 47 2 47 18 87 13 64 24 69 62 84 50 38 53 91 15 93 20 59 82 93 73 25 30 49 42 29 25 77 98 12 48 100 37 81 75 43 76 56 56 17
49 87 48 64 3 57 56 1 11 15 67 36 76 29 80 59 26 63 43 74 32 60 15 61 22 69 68 14 90 60 16 58 98 69 48 93 35 58 81 19 95 93 51 60 78 25 70 3 46 31 46 86 51 19 49 66 49 37 15 38 61 9 25 51 51 88 87 88 39 99 63 28 68 5 82 58 55 73 49 43 98 67 58 87 64 7 9 100 31 13 60 72 78 16 74 93 78 1 35 16
13 72 32 28 39 65 41 27 68 43 51 93 22 24 43 23 84 64 49 31 99 8 13 3 22 12 33 85 64 53 24 30 72 25 66 25 38 43 57 51 58 64 15 90 15 67 64 51 69 55 92 93 50 75 86 31 55 36 68 37 11 88 68 49 39 92 15 88 33 87 66 10 3 71 87 50 46 32 13 43 92 39 6 68 40 70 93 44 33 2 6 2 72 12 96 98 14 88 17 85
