68 45 61 31 13 27 7 12 11 49 32 37 87 47 11 40 7 13 87 38 16 86 30 1 46 88 70 85 95 47 86 53 22 7 22 10 52 16 21 46 100 20 20 20 65 4 82 71 79 30 58 42 69 22 50 87 64 76 99 11 79 76 87 37 69 45 59 94 96 21 77 48 5 30 11 22 78 71 7 1 38 97 43 15 53 58 74 26 7 77 67 7 31 57 68 86 71 51 80 80
12 30 76 84 10 90 61 80 16 63 80 18 6 82 96 23 84 83 17 85 85 72 81 6 93 56 88 4 25 6 7 7 28 62 37 27 82 25 54 17 53 56 63 50 99 13 42 83 57 50 71 36 30 61 30 74 37 45 75 70 86 43 4 97 91 33 6 46 88 81 50 53 4 45 77 87 71 61 3 29 21 1 69 91 2 40 49 49 35 65 28 89 37 6 6 71 75 30 28 13
53 76 57 94 52 87 57 7 22 10 18 22 88 92 81 1 79 79 44 89 12 82 68 99 76 86 70 16 47 22 55 40 42 74 81 84 86 78 61 43 11 8 76 86 49 65 68 79 36 48 14 57 3 44 43 95 97 90 64 53 30 33 26 68 85 3 47 24 10 40 4 48 75 10 86 58 95 46 78 53 52 7 29 30 15 26 9 8 19 32 29 19 26 2 33 41 10 77 92 69
2 2 84 37 44 42 90 47 6 34 91 31 93 54 65 35 94 88 92 30 45 44 56 67 4 86 19 61 49 14 16 5 38 23 94 37 30 56 3 77 96 98 62 36 25 89 5 11 31 38 15 16 59 97 21 72 44 2 94 41 59 6 82 36 4 85 65 75 23 59 18 50 57 67 14 1 57 18 31 55 69 89 28 28 27 34 65 52 33 26 4 100 96 54 69 2 9 21 34 63
62 98 27 65 11 69 18 15 84 18 62 10 21 42 51 58 72 79 6 25 73 22 73 29 86 42 11 34 69 62 32 80 69 90 48 16 90 7 85 2 53 99 32 40 8 61 54 4 72 77 14 77 51 83 69 80 24 75 2 28 68 39 20 19 64 33 55 9 39 81 45 64 99 1 58 42 31 82 67 45 94 87 68 30 6 32 34 32 10 72 50 65 94 33 90 87 25 59 97 39
77 90 68 92 76 88 72 70 47 59 5 45 13 73 35 41 89 59 9 84 37 34 36 76 91 12 68 72 52 97 67 76 30 28 29 18 30 55 64 77 73 77 93 73 71 1 23 69 22 75 60 90 41 54 85 6 34 54 42 46 52 27 71 72 96 85 53 57 21 24 22 64 78 1 48 86 15 86 5 60 8 86 10 15 63 91 54 11 57 45 41 86 62 56 35 66 81 2 78 91
71 55 71 8 82 25 66 70 84 32 92 58 49 61 38 17 61 67 52 98 30 55 52 3 39 58 49 72 46 57 74 42 89 35 96 7 85 39 44 67 61 5 60 68 88 94 53 46 51 66 68 69 45 81 94 42 91 71 77 95 97 98 31 68 69 48 24 34 24 39 43 6 32 9 95 57 90 94 73 43 53 85 95 92 13 71 91 35 78 14 46 21 60 91 21 12 74 68 8 47
89 16 35 10 11 6 17 16 29 28 82 65 50 72 3 67 78 13 72 53 14 91 21 56 2 47 68 48 85 68 44 66 70 68 95 85 36 34 80 89 50 3 83 7 91 45 51 81 89 47 25 21 34 27 89 53 13 90 94 63 80 5 45 73 83 44 31 19 64 22 81 16 62 69 66 77 89 2 96 20 88 97 71 41 100 49 21 46 50 66 48 67 70 36 72 38 57 88 54 49
88 66 35 75 88 60 54 1 41 24 41 100 52 95 24 2 72 25 81 30 88 61 35 35 85 70 70 29 93 76 49 71 2 5 99 86 20 66 98 83 23 35 46 95 92 33 56 14 38 3 88 60 86 8 16 40 38 5 90 27 44 63 27 62 67 54 77 87 16 85 9 99 33 12 97 28 13 43 57 64 33 54 96 99 49 34 92 11 44 22 14 48 62 79 18 33 2 41 2 1
55 84 10 48 79 38 9 69 86 72 52 9 93 35 17 76 42 19 3 41 95 78 41 47 20 87 43 67 50 37 38 25 3 32 44 35 73 61 5 40 51 83 21 13 55 100 67 6 18 69 77 76 76 63 77 84 93 95 61 48 60 8 32 67 97 100 39 29 10 89 21 36 84 38 59 52 56 17 1 39 62 63 31 48 71 53 2 4 25 16 74 93 34 60 17 24 98 1 46 39
60 70 88 50 88 57 100 5 28 2 39 25 17 54 79 47 73 16 81 38 33 44 13 83 79 57 46 16 17 72 2 61 82 76 32 99 45 79 46 73 45 1 24 80 60 41 40 81 51 75 2 13 24 76 91 88 70 91 30 4 36 35 100 6 18 46 64 24 50 37 61 23 34 86 6 10 93 52 43 2 75 28 18 49 95 33 23 70 66 58 73 23 3 31 36 85 34 75 2 85
74 64 19 2 84 43 6 33 42 64 28 22 76 70 55 56 79 14 84 60 72 6 88 68 5 28 63 2 59 38 16 69 11 91 28 33 10 13 90 59 43 33 65 43 20 45 64 1 37 54 85 42 82 49 2 12 3 28 68 29 33 55 89 52 40 76 58 26 70 40 69 88 93 73 87 59 76 21 73 21 79 43 14 74 53 85 81 13 15 76 87 58 64 100 9 30 9 49 1 59
30 2 9 51 34 85 90 100 91 63 65 68 29 36 16 88 19 49 11 75 28 48 72 39 94 80 20 66 91 30 37 68 57 80 70 58 58 90 52 19 40 84 41 59 7 29 7 44 52 9 60 62 60 72 60 97 44 27 68 9 22 70 53 31 40 74 2 50 63 48 86 33 13 2 17 3 95 4 66 90 85 13 38 57 87 28 60 88 14 52 36 92 78 52 75 22 76 7 22 13
69 70 43 60 60 8 35 76 4 37 19 47 47 99 13 33 29 15 63 31 32 65 54 18 26 33 37 90 13 76 53 15 18 22 72 14 83 36 85 8 99 89 60 97 88 93 100 17 91 66 92 78 94 43 70 98 40 59 50 52 12 38 37 63 59 8 4 96 33 15 8 97 51 37 61 85 19 14 54 70 9 99 89 36 20 60 26 13 68 99 25 92 11 85 23 54 63 91 33 75
28 92 36 38 89 43 82 74 22 62 91 87 35 90 57 95 10 16 91 4 9 17 15 17 90 54 21 7 77 72 53 95 52 58 76 38 72 77 25 15 100 87 56 78 10 4 94 89 95 1 49 78 10 72 65 84 86 41 2 58 4 71 21 73 92 33 59 49 95 24 98 87 19 56 21 88 35 53 5 80 4 96 50 42 87 49 56 92 60 12 5 27 15 29 57 96 96 65 22 1
88 52 99 78 84 22 79 58 16 18 6 49 63 63 96 45 83 50 33 54 61 8 51 3 24 49 14 66 91 73 97 88 9 67 17 74 83 89 41 38 59 27 14 21 14 85 2 51 63 91 80 9 14 62 18 75 3 4 77 98 99 93 78 82 32 26 27 41 74 94 95 7 82 24 93 36 10 79 38 4 22 5 2 97 4 25 26 14 26 13 100 56 13 67 84 65 81 4 9 37
62 11 67 18 77 77 30 94 73 4 76 75 93 12 34 25 34 14 50 77 98 11 94 16 62 6 81 22 61 100 23 74 100 11 67 35 39 100 64 97 58 68 57 60 18 45 87 15 93 19 10 22 77 8 85 88 92 99 11 10 74 52 29 46 37 69 5 10 74 3 21 9 84 35 38 83 37 86 86 75 12 28 54 66 57 35 2 31 52 99 85 34 5 8 62 7 12 74 81 1
65 20 41 4 39 24 5 18 75 32 47 23 83 80 6 15 41 26 42 32 85 86 99 89 55 56 14 66 34 82 18 38 98 37 24 100 6 39 6 59 86 41 66 56 96 89 44 84 99 23 37 27 64 6 2 15 57 47 85 2 85 97 87 97 12 67 74 36 12 45 68 44 8 60 44 79 80 81 48 57 13 22 3 53 68 22 19 59 30 77 59 52 4 15 88 79 9 71 44 8
51 32 95 6 63 43 81 35 5 53 70 4 4 34 18 69 7 81 77 83 4 98 98 42 81 63 51 77 65 60 71 35 44 6 31 77 91 86 82 12 48 29 93 70 99 66 87 82 43 95 4 70 84 23 89 59 90 72 41 76 10 10 28 23 1 1 75 91 9 25 33 60 86 41 71 38 25 94 45 45 92 77 75 33 22 98 47 59 65 92 77 82 37 57 41 67 30 25 82 53
28 100 29 86 81 69 29 58 99 95 51 63 94 48 46 6 51 87 3 7 84 23 49 49 1 61 80 86 56 39 84 46 86 49 77 59 57 69 21 3 4 30 11 52 77 91 36 33 31 1 22 13 26 23 61 66 39 66 33 27 62 52 74 95 75 98 59 23 9 94 96 93 21 66 39 50 9 98 53 41 9 86 84 20 84 33 27 53 31 80 45 84 88 4 69 84 56 5 48 61
94 25 35 1 44 63 52 81 53 17 28 89 44 99 48 15 100 32 66 28 33 56 98 22 60 1 97 24 76 72 75 15 81 11 72 33 54 31 83 70 80 76 43 42 35 98 46 60 25 82 38 45 47 11 94 60 32 16 29 22 5 70 37 20 34 34 51 99 52 25 52 38 86 51 60 55 28 91 62 83 81 68 3 57 21 75 71 1 14 97 78 13 79 2 3 58 92 8 4 37
74 8 87 6 30 67 42 22 4 84 88 95 20 33 61 97 16 80 58 75 85 63 1 57 93 20 86 7 11 16 19 49 44 27 32 19 56 94 73 47 37 22 77 34 79 6 56 31 25 1 69 44 20 9 22 98 49 22 57 74 50 44 54 26 5 29 24 67 73 16 99 63 89 87 91 28 58 15 92 25 28 58 58 51 91 91 91 35 52 10 29 38 97 62 47 28 94 43 44 92
8 50 99 5 18 63 32 17 98 5 65 55 77 17 95 70 62 69 77 80 12 70 89 61 63 78 80 20 40 37 30 16 24 11 69 29 73 91 13 39 75 29 23 44 22 40 87 11 80 81 93 15 48 65 21 70 26 20 18 60 63 39 57 27 37 49 23 9 37 62 54 29 34 33 92 64 90 94 67 24 13 32 13 60 88 95 88 87 11 36 94 24 37 40 32 66 87 83 44 96
51 43 50 29 22 64 11 35 72 92 75 15 5 23 60 22 5 40 93 9 76 54 44 41 42 16 72 79 2 13 67 75 3 56 59 36 7 59 57 95 22 89 6 62 36 46 96 21 69 48 6 31 7 82 2 7 89 83 88 45 6 26 70 9 25 81 100 97 60 80 61 48 17 40 27 46 29 18 16 97 43 27 97 75 92 83 81 59 87 85 31 48 44 97 52 11 47 58 22 98
66 53 56 72 25 58 98 97 38 96 17 48 13 26 11 54 70 53 58 56 39 66 43 19 9 88 77 76 81 82 20 47 34 69 19 4 43 65 54 27 98 55 59 32 86 100 22 15 24 22 91 23 12 57 52 44 98 21 61 52 92 64 40 15 36 92 94 30 93 57 97 85 31 20 86 49 74 31 12 23 34 27 49 50 74 35 1 55 39 62 64 66 72 40 72 9 57 19 94 51
12 82 21 27 56 26 76 65 86 59 28 59 75 26 68 89 56 98 90 63 51 60 19 5 39 92 39 76 21 8 53 83 81 76 25 25 37 50 15 6 39 21 76 10 36 68 54 11 14 45 33 50 23 57 19 77 97 41 68 78 26 89 68 9 41 28 10 99 49 4 23 31 94 47 86 38 48 83 22 47 44 44 37 85 41 39 6 21 21 54 76 84 30 20 8 53 80 77 52 71
8 93 99 25 65 53 7 92 32 68 22 75 33 70 15 82 27 73 74 77 16 71 67 37 39 43 56 49 33 14 30 90 49 62 33 65 7 81 21 25 25 7 36 68 21 70 3 72 42 91 88 46 82 35 55 41 46 95 16 11 1 36 90 20 37 70 75 14 100 2 48 28 54 72 9 20 20 53 12 56 65 7 62 80 7 77 88 61 86 89 4 45 32 41 83 5 21 39 47 27
59 58 88 88 89 54 12 35 73 46 15 39 29 52 54 6 16 22 97 83 22 67 34 77 75 35 10 66 29 76 77 26 89 22 51 52 37 91 67 94 73 33 35 45 58 21 35 84 93 49 67 22 30 35 78 63 46 27 43 69 55 16 93 20 15 83 70 1 63 42 6 40 7 18 63 40 46 33 52 76 97 54 53 45 53 23 8 12 77 7 40 47 99 42 7 21 94 14 84 38
36 25 38 17 24 88 27 2 11 90 87 20 69 54 53 85 79 76 42 4 65 24 48 13 91 46 80 39 1 68 94 78 91 5 60 5 85 23 78 20 79 93 1 21 60 99 62 16 36 82 70 78 80 70 74 72 63 33 28 41 72 84 35 54 30 10 32 82 89 56 92 33 62 36 5 99 16 1 46 83 24 39 21 56 1 61 33 38 36 73 88 67 52 64 35 78 71 32 16 8
95 87 53 69 39 46 13 36 78 99 24 42 51 80 76 99 45 28 82 34 7 43 13 6 23 73 82 20 25 6 12 15 85 65 94 16 1 91 95 56 45 52 52 94 7 77 56 66 96 91 86 12 19 81 18 18 2 59 79 61 83 31 99 70 34 1 73 68 76 31 7 5 23 49 28 16 87 100 64 23 39 89 68 91 47 42 36 6 29 19 65 23 74 99 22 32 3 36 15 79
69 29 73 26 32 32 14 97 41 84 65 55 19 63 12 84 57 2 20 87 33 57 1 40 65 29 40 2 94 10 6 31 82 73 57 46 33 18 48 52 27 57 44 28 98 60 61 76 97 92 100 66 61 32 16 89 33 51 55 8 34 78 62 5 81 89 95 19 87 63 48 11 2 53 15 59 87 63 79 79 24 49 65 94 56 27 74 1 79 84 77 33 96 80 7 3 73 84 39 2
99 84 77 14 38 99 68 7 9 46 72 84 18 42 69 30 31 81 28 4 2 89 8 90 69 47 96 26 88 3 64 37 42 99 14 76 80 78 66 76 99 83 30 46 16 95 90 65 26 62 55 17 78 21 11 42 35 38 42 60 73 7 88 45 89 51 5 81 33 65 40 9 57 40 2 76 32 73 66 78 34 12 39 16 15 95 43 16 13 46 88 97 84 16 45 34 79 40 11 13
78 8 23 77 35 1 87 64 19 22 12 15 3 11 80 39 8 73 99 52 58 4 8 28 49 70 15 73 75 22 35 51 4 79 94 69 33 60 48 63 26 27 62 61 85 57 95 69 58 50 56 59 6 7 7 11 52 83 72 16 11 72 98 52 22 8 31 53 29 29 47 63 89 19 97 29 74 97 99 86 57 87 79 9 38 74 11 89 77 17 15 84 8 20 12 100 53 79 25 21
90 77 52 57 46 27 7 75 31 6 35 20 37 6 5 17 7 24 91 3 42 41 80 16 27 71 24 23 77 69 64 88 11 9 36 71 68 40 44 71 8 41 16 100 100 13 60 45 57 99 3 37 58 33 52 12 54 3 92 53 44 43 83 1 69 85 9 47 13 82 29 95 19 58 97 47 36 68 82 47 3 57 79 21 5 7 42 7 55 97 18 45 93 66 5 16 8 89 8 96
91 73 18 39 63 38 89 8 44 36 79 98 27 78 45 47 65 5 55 100 75 68 65 5 3 27 14 98 63 31 40 27 95 7 77 68 99 11 65 44 79 32 32 61 30 59 58 73 72 4 83 12 79 55 37 34 93 87 14 20 47 7 51 39 52 40 32 19 99 71 1 46 55 24 59 42 18 66 56 52 75 58 67 11 58 73 62 83 89 73 78 21 62 3 23 11 22 47 36 41
62 78 54 40 46 58 92 14 72 84 16 83 37 66 44 82 4 94 41 38 34 5 28 46 34 70 27 46 14 63 70 21 41 22 56 37 78 69 58 34 18 42 3 53 55 64 97 47 92 70 83 48 71 21 3 25 18 66 88 44 98 18 2 25 62 26 84 57 98 98 37 97 6 48 49 94 44 52 12 86 16 18 70 97 11 67 28 74 37 30 69 83 94 80 91 34 45 37 80 46
57 1 70 35 63 41 17 100 73 69 100 83 80 35 51 73 27 56 66 77 83 59 23 85 65 3 63 9 11 62 33 93 57 25 89 7 97 34 90 83 75 38 74 72 75 71 30 78 49 72 48 45 35 67 86 77 90 81 38 73 47 5 32 49 21 61 50 90 21 63 62 75 2 56 83 89 95 41 63 92 53 75 42 39 37 77 23 15 85 63 88 61 12 30 75 45 42 100 25 26
46 39 21 97 24 96 32 47 13 80 13 90 31 93 49 93 62 31 100 61 79 68 22 95 50 1 74 16 62 64 32 74 96 52 14 20 62 99 76 81 81 79 90 66 50 57 47 66 68 51 82 78 18 36 47 36 49 64 85 13 27 47 46 45 87 16 1 64 18 56 43 23 71 11 23 76 14 90 59 1 96 99 36 56 64 57 65 75 24 13 68 57 79 97 44 67 76 60 21 100
43 87 41 73 6 32 60 57 20 10 50 5 83 37 34 99 94 49 11 17 8 2 32 99 41 25 11 36 80 9 69 56 31 48 24 38 48 84 36 98 87 74 91 33 14 78 73 19 17 85 100 20 54 57 34 39 99 95 32 66 18 51 61 49 20 53 33 11 50 88 69 96 11 75 31 96 94 74 8 9 11 24 23 52 40 44 91 38 8 53 51 86 51 29 81 97 72 17 24 96
85 32 2 30 43 92 29 94 6 42 46 41 51 40 31 58 65 46 49 88 100 12 36 45 27 50 7 84 93 44 17 82 6 22 85 85 31 42 65 33 60 16 49 66 86 86 52 83 32 22 7 59 52 86 48 36 74 91 98 16 34 6 26 80 4 40 82 36 68 75 87 12 28 38 83 97 2 50 40 40 86 58 25 43 23 84 51 11 10 70 70 40 34 45 49 93 24 38 49 15
14 44 35 33 79 72 84 66 23 60 84 38 9 98 1 38 15 34 37 45 91 4 19 32 39 29 87 44 91 25 9 3 69 45 77 17 24 68 72 16 61 77 70 59 46 7 22 30 55 8 35 45 80 97 25 75 51 23 41 49 16 12 62 53 73 90 84 74 70 1 41 59 74 28 36 2 40 73 42 25 22 55 18 12 66 83 97 10 41 98 4 91 84 35 76 16 19 24 95 66
12 89 37 71 24 64 40 54 13 26 3 49 89 77 63 72 65 39 67 48 24 89 21 38 53 49 66 47 78 52 100 26 49 33 72 69 5 17 97 84 75 61 20 56 75 56 43 71 76 36 29 22 70 92 40 44 63 33 22 7 52 93 52 21 16 21 8 30 41 29 27 57 76 44 61 65 3 13 74 96 9 33 98 87 60 58 19 39 97 4 33 68 99 8 99 13 65 81 4 23
47 74 9 50 71 51 7 90 82 39 3 98 34 46 81 87 95 77 97 77 32 57 75 77 85 30 70 58 56 57 43 60 44 58 81 36 2 100 13 84 97 43 63 28 79 91 16 100 53 16 73 100 60 8 64 12 16 23 1 41 4 26 24 28 34 22 59 14 81 47 57 11 4 70 64 66 77 16 32 4 3 83 59 58 58 38 44 63 71 6 38 9 51 98 30 56 49 17 4 38
86 82 10 59 22 17 26 28 4 47 39 12 58 28 31 33 80 81 90 27 20 44 94 22 33 27 6 3 82 31 21 100 99 24 52 56 94 42 55 85 18 74 5 15 98 26 75 67 72 9 76 96 50 76 33 81 53 63 79 41 24 9 77 9 95 69 35 19 86 52 98 46 30 18 16 32 57 81 97 87 22 23 24 49 56 93 73 56 76 47 3 100 100 97 53 3 8 33 50 99
93 16 73 37 50 12 57 83 90 5 99 70 59 18 37 37 12 56 21 47 54 61 60 58 51 70 60 9 89 24 9 73 48 59 2 42 72 88 74 45 30 33 30 22 6 37 60 74 69 51 71 44 25 50 81 61 55 42 10 87 47 63 70 34 66 65 79 75 83 19 21 38 89 12 59 18 96 7 49 61 87 80 63 46 12 41 7 19 40 54 100 12 24 13 51 95 14 71 19 30
50 69 5 64 97 48 100 38 30 58 80 42 41 46 59 39 16 61 84 23 66 66 10 85 65 65 82 62 72 12 32 4 76 94 27 17 5 100 39 80 52 43 7 15 95 87 31 4 44 1 79 66 67 65 25 12 34 3 43 21 60 28 56 19 96 69 17 40 53 68 53 67 76 39 93 70 1 37 45 53 22 63 22 30 67 94 52 26 75 10 91 53 18 62 54 23 32 43 36 55
33 56 37 100 48 54 64 85 86 87 1 68 19 26 36 47 28 48 56 100 29 66 39 55 93 37 95 95 46 15 59 48 51 45 28 3 20 67 51 32 70 82 23 30 70 49 21 32 97 9 83 42 40 44 18 72 80 62 67 46 15 6 21 28 82 3 89 96 99 52 40 70 99 46 95 50 84 67 52 8 49 49 82 66 51 20 32 56 34 69 44 75 98 32 61 43 55 74 20 78
20 66 34 61 50 57 69 44 62 22 42 84 46 76 74 89 12 34 22 10 51 55 14 60 4 99 9 44 16 75 75 20 31 40 13 17 13 23 46 46 17 9 40 15 65 59 13 38 89 31 60 13 97 11 31 19 21 29 25 18 85 48 11 67 18 52 54 57 26 61 8 93 54 17 92 56 42 73 45 31 49 9 20 52 9 40 93 24 75 86 31 24 74 92 56 70 82 15 65 4
83 65 79 69 97 5 29 92 34 24 37 99 88 3 25 26 38 75 68 73 1 69 53 95 71 60 3 28 55 66 97 66 67 34 30 16 18 65 81 50 49 64 45 93 78 100 31 10 19 52 21 54 23 53 11 91 41 16 61 35 80 66 14 66 70 58 23 74 12 94 68 32 1 89 31 35 87 13 45 7 55 59 86 80 92 93 4 4 21 35 37 59 97 45 49 86 10 89 97 35
80 14 15 71 77 18 86 73 60 40 57 70 35 98 100 27 84 35 44 74 29 57 83 39 81 80 25 22 10 86 94 3 97 87 86 6 82 76 78 59 2 41 99 52 24 63 29 47 50 56 86 65 96 24 38 22 52 99 89 99 73 8 51 69 93 92 92 96 44 71 66 33 43 18 41 11 93 17 24 46 12 71 45 76 43 24 15 5 39 84 81 22 89 80 50 9 57 66 92 59
66 37 58 37 93 63 58 33 87 70 67 78 13 64 2 62 69 60 42 31 97 24 21 86 32 16 81 42 84 10 97 3 27 18 40 57 69 81 64 77 80 99 67 13 13 52 33 34 4 40 79 8 52 69 61 55 66 30 19 6 88 52 58 29 1 48 11 20 2 60 76 67 39 78 58 11 39 92 2 62 79 3 59 36 88 75 5 90 32 26 78 10 32 22 39 6 32 59 3 28
4 28 83 80 40 91 42 9 25 79 22 1 66 62 83 32 15 98 6 86 49 32 68 7 63 48 37 67 73 56 76 59 92 53 64 26 70 61 4 55 90 88 4 40 22 81 16 53 86 12 44 92 61 67 94 6 73 46 69 11 27 41 50 40 31 46 87 100 2 53 35 81 23 23 87 94 96 4 76 49 100 89 24 17 84 94 90 57 22 16 45 22 35 98 73 44 81 57 91 48
19 40 27 37 99 95 85 40 42 82 24 46 11 32 64 41 18 4 85 79 78 38 3 23 36 35 31 48 39 50 82 70 91 24 31 36 17 59 57 5 2 77 65 48 49 26 73 40 94 96 36 69 66 97 18 27 69 19 54 71 5 50 61 25 86 12 99 73 22 36 87 45 6 96 100 49 60 77 85 19 86 38 96 81 42 24 24 17 91 28 83 79 31 8 76 41 41 5 79 96
17 22 42 7 42 62 64 64 28 52 58 2 50 29 93 12 79 47 65 20 68 70 58 65 7 22 86 70 87 47 94 64 3 86 24 11 40 95 3 45 46 73 79 89 44 54 13 44 61 17 3 84 97 76 27 25 20 79 10 89 86 15 64 15 43 52 55 24 23 19 87 18 8 14 21 47 73 36 60 39 68 35 47 77 99 84 33 81 49 41 23 42 62 90 25 16 58 78 22 46
58 19 96 61 84 30 87 80 48 4 63 61 24 62 16 39 72 45 22 3 54 47 8 90 47 84 96 8 6 35 62 24 53 47 31 85 95 37 3 83 42 95 32 92 51 42 76 79 23 58 30 29 40 65 22 46 94 5 84 93 40 74 31 17 11 27 34 86 20 77 11 1 45 27 26 4 41 81 14 12 67 11 21 21 19 16 97 3 85 13 23 13 86 5 40 21 72 29 86 94
28 29 21 53 40 73 91 68 18 31 81 51 91 46 86 64 80 42 39 85 78 53 27 19 8 59 75 42 91 99 54 33 41 9 48 88 69 45 48 76 52 51 14 93 19 56 22 44 20 100 86 41 89 72 37 86 23 70 96 67 71 73 15 100 72 69 17 91 99 83 21 85 44 80 6 21 64 97 54 98 94 40 36 87 30 7 12 43 41 65 62 90 80 52 62 28 61 66 54 19
73 41 100 29 96 48 3 61 25 34 43 69 73 81 89 17 4 98 96 35 53 24 49 17 98 77 30 49 64 53 22 61 57 6 50 39 78 21 8 91 52 14 32 40 72 49 26 43 75 36 21 83 4 24 59 48 64 10 1 38 31 18 31 18 69 95 23 5 45 50 85 48 40 60 23 4 9 75 70 62 37 29 31 82 3 89 80 18 77 29 43 73 20 16 63 10 38 14 40 59
82 64 61 85 84 72 13 14 15 55 5 39 30 59 38 73 1 8 9 89 71 53 85 35 32 73 49 53 55 3 22 82 38 7 53 100 69 70 17 65 18 48 3 92 88 42 44 32 34 50 11 77 40 39 40 54 47 3 75 38 90 60 30 88 13 25 91 59 11 10 9 6 71 53 97 12 24 90 38 82 75 93 41 85 43 87 58 14 78 57 19 18 74 25 8 44 85 29 94 86
79 74 50 38 27 87 88 36 62 95 57 41 47 85 56 37 16 47 17 49 46 100 86 37 93 96 52 79 15 21 8 47 24 79 97 80 13 77 81 9 29 99 88 45 33 11 57 24 16 7 3 18 93 52 70 98 44 3 25 76 66 51 90 1 81 32 59 14 21 90 80 52 54 72 86 94 55 56 52 97 24 66 35 34 49 87 92 21 58 77 95 19 48 29 20 61 94 23 9 29
86 89 34 57 53 21 80 56 54 23 13 81 86 90 79 67 29 73 60 25 30 19 96 11 62 1 8 50 69 5 64 82 47 53 50 2 45 54 89 95 56 2 98 67 35 94 13 68 86 15 53 42 63 28 34 85 28 32 40 26 84 37 19 60 6 41 20 44 64 30 52 80 94 71 96 100 52 82 74 31 83 17 1 80 25 16 41 26 3 97 18 39 74 29 62 17 69 87 35 77
40 66 49 83 23 4 77 4 17 69 95 81 65 78 26 88 7 68 25 44 92 32 80 97 34 82 29 73 21 1 84 93 34 7 12 71 46 12 62 22 75 73 60 25 57 81 57 34 64 3 76 51 58 83 54 95 95 18 77 70 36 53 6 95 64 49 25 77 99 70 80 67 80 33 73 35 71 30 61 40 9 74 47 85 88 22 62 52 95 2 48 80 98 12 56 68 50 6 3 38
18 36 28 27 67 18 91 20 6 17 90 19 78 12 66 1 6 17 44 70 92 13 55 79 40 32 85 57 57 4 68 61 11 74 99 64 6 45 28 21 58 51 71 55 20 84 8 90 99 69 79 45 66 74 28 1 54 22 82 100 74 46 60 68 75 41 81 42 21 17 90 92 82 65 23 81 50 100 93 2 69 37 99 63 94 36 52 8 83 17 95 77 10 51 20 22 76 29 53 3
95 33 78 50 53 99 11 81 27 50 95 25 41 99 95 69 32 63 3 28 67 4 10 42 63 46 98 60 8 7 80 73 53 62 20 82 50 3 24 54 76 45 34 14 22 4 17 71 79 77 21 99 14 59 63 90 22 76 51 97 97 79 28 20 4 93 22 67 77 64 57 86 21 16 85 70 73 18 26 82 84 55 16 35 66 53 38 99 83 12 66 81 37 88 70 3 6 42 28 83
4 89 100 13 81 93 95 84 96 85 38 32 5 68 72 22 4 17 75 19 72 94 56 17 21 40 1 49 55 55 57 42 7 100 52 69 33 61 10 29 2 35 31 10 44 17 100 36 53 19 64 44 23 82 89 70 15 16 52 72 70 96 36 61 99 72 94 83 45 14 29 23 23 27 1 16 65 49 32 93 60 56 76 18 80 99 20 97 74 49 22 71 59 82 23 69 1 1 89 33
44 33 12 99 83 70 1 5 91 18 8 38 21 43 40 78 9 74 13 53 70 7 6 64 20 80 78 36 38 78 89 32 56 34 8 100 37 52 68 10 59 50 53 36 18 52 54 9 19 54 87 81 50 37 8 29 89 35 76 9 73 42 69 15 52 41 81 23 26 56 47 66 45 58 68 92 55 48 12 77 1 57 65 32 2 23 44 35 93 83 45 49 40 57 22 83 94 26 23 66
24 53 64 75 6 2 58 73 52 88 79 29 29 76 70 38 43 17 16 8 53 13 40 81 41 90 68 2 38 42 2 58 57 17 29 29 45 11 40 33 75 59 89 48 47 16 59 37 52 25 47 36 71 87 14 86 8 54 20 27 98 62 31 69 11 34 54 53 73 4 58 11 86 84 56 40 48 34 100 64 26 98 48 49 63 16 39 56 52 6 5 20 57 30 83 29 25 43 34 8
40 31 80 71 44 55 45 49 21 18 99 50 9 13 99 22 81 92 83 95 86 28 80 29 65 65 36 60 73 21 36 9 23 69 67 23 5 63 24 12 58 16 56 15 32 12 38 48 25 57 20 47 66 27 16 14 4 90 45 10 75 52 56 96 44 35 4 91 88 14 31 2 29 98 41 49 66 88 96 26 50 1 49 4 38 59 57 90 43 84 75 39 46 87 100 40 49 15 51 37
40 16 47 91 99 8 12 47 27 31 77 77 64 30 72 10 79 20 9 77 81 44 19 39 64 16 95 21 87 80 37 90 29 7 49 39 79 10 52 90 8 33 62 44 76 16 65 45 69 44 73 69 81 21 54 18 78 50 16 56 23 37 16 13 55 88 99 12 22 14 94 84 7 57 15 52 62 69 50 58 10 32 39 29 74 51 44 74 52 67 65 78 57 96 74 22 60 41 30 57
31 2 42 91 92 96 70 14 88 26 95 7 52 91 71 9 69 41 41 80 86 18 40 66 78 78 49 66 31 15 40 32 99 95 38 10 98 14 56 20 74 59 39 7 83 37 64 75 2 71 100 66 82 100 83 92 73 35 83 42 20 5 50 37 34 18 86 81 12 100 40 60 21 90 14 13 10 98 49 74 55 4 8 49 97 34 45 70 45 38 75 83 13 72 78 99 7 22 79 44
54 13 56 73 100 95 48 4 14 7 85 42 63 97 74 86 75 10 42 76 25 42 33 66 8 75 3 31 38 63 10 43 49 62 39 81 98 61 28 100 46 88 53 43 10 38 74 66 77 38 25 86 27 35 12 65 39 25 84 93 90 57 30 75 83 25 70 37 39 28 23 73 65 5 28 8 59 52 34 80 58 88 81 12 87 95 3 61 88 42 59 29 41 54 86 66 68 88 65 82
64 93 12 88 54 30 63 61 92 35 94 43 100 92 43 20 21 14 45 30 84 26 38 86 69 5 27 19 30 84 32 45 26 62 99 89 46 86 5 67 43 29 55 4 14 63 94 78 42 45 24 95 76 88 52 73 72 57 95 36 1 56 21 23 7 22 54 43 85 61 13 36 40 59 5 45 39 48 58 84 86 73 84 48 52 56 11 4 65 46 82 15 60 45 31 65 58 59 61 69
63 25 88 87 26 73 58 96 46 77 35 51 95 55 7 54 38 34 35 31 67 13 20 34 35 69 43 42 27 89 82 49 39 47 58 67 66 40 11 53 75 91 59 27 88 12 96 54 63 91 100 82 91 65 91 42 83 17 48 31 62 22 98 82 55 53 62 100 16 67 12 1 47 64 55 16 98 12 96 92 18 71 95 93 82 100 94 32 12 49 52 85 68 24 58 60 86 11 2 98
34 92 8 9 13 42 80 45 10 62 29 84 63 21 79 37 50 68 100 71 35 59 33 70 68 88 14 95 98 58 19 91 88 39 69 76 71 97 36 88 38 19 35 6 83 25 43 25 44 68 34 72 47 85 72 7 33 44 28 48 3 37 42 73 53 24 29 54 30 44 18 43 8 96 72 57 36 1 25 13 21 74 47 95 85 15 70 74 67 50 13 31 59 58 13 70 44 48 95 31
11 24 47 28 32 30 72 77 72 38 71 23 85 9 18 30 53 36 3 63 92 56 96 22 81 42 10 66 29 84 73 14 44 93 25 83 13 74 27 55 31 100 82 62 26 39 15 52 31 52 13 11 76 80 87 69 23 15 42 11 20 2 38 55 34 32 3 38 38 63 43 87 58 55 41 93 70 65 41 79 46 74 92 96 85 43 55 3 2 17 79 98 59 65 66 40 96 12 67 77
36 6 64 87 27 47 37 64 54 41 86 30 98 26 42 64 32 73 56 19 38 97 21 43 75 47 14 49 94 61 61 5 56 94 80 92 93 5 96 54 56 6 22 99 21 47 52 30 65 62 5 7 18 64 75 22 96 63 28 12 90 7 9 46 76 86 40 49 3 13 30 61 4 81 17 70 85 2 45 70 89 8 83 90 8 59 12 56 53 41 76 56 100 1 97 70 27 31 92 14
83 72 2 76 19 59 72 78 13 82 50 38 7 60 76 74 56 3 79 49 15 52 76 47 64 99 78 95 39 70 90 11 94 83 51 54 22 13 60 62 64 98 41 84 39 21 45 96 8 34 20 48 8 69 35 72 71 48 2 78 24 97 12 26 66 94 85 89 70 39 10 29 79 40 34 18 78 4 38 39 65 99 33 59 98 78 51 53 68 33 22 78 62 9 32 95 68 93 99 7
10 34 76 85 24 48 41 11 9 38 35 73 48 21 77 28 35 20 99 20 88 47 26 64 45 15 69 39 88 91 17 29 1 11 54 48 26 50 14 73 49 77 55 17 14 34 91 5 43 59 38 100 68 52 47 100 65 69 87 61 63 91 97 37 57 84 88 47 79 9 97 68 75 19 77 61 87 74 15 66 91 59 76 31 5 11 87 22 22 73 47 75 95 11 77 68 19 17 9 19
17 17 27 43 45 89 57 64 42 10 40 56 42 88 4 12 49 47 93 100 91 66 65 41 84 59 60 78 83 7 32 37 26 55 37 48 4 92 3 96 4 62 54 32 49 59 4 26 49 87 57 95 13 83 79 93 5 21 79 29 93 94 8 69 82 7 43 97 10 8 41 9 88 76 43 5 6 100 55 61 28 45 56 81 98 57 84 67 46 11 33 94 32 80 41 17 49 70 25 79
84 78 7 17 85 74 8 94 33 67 69 30 50 69 56 27 94 100 20 92 43 83 72 26 25 93 9 54 98 88 71 45 27 8 29 68 66 11 17 77 49 40 31 92 96 10 82 50 22 15 77 48 12 96 86 30 15 48 22 8 47 24 11 26 12 74 12 66 98 9 54 98 6 47 99 67 33 43 45 73 74 67 1 77 76 63 51 18 20 85 33 22 41 70 8 70 28 57 76 87
62 93 7 82 93 11 71 11 56 66 20 64 94 49 23 77 34 75 63 50 93 93 28 80 40 92 16 35 21 42 78 42 93 12 67 25 12 5 22 62 94 8 89 27 29 15 44 7 44 22 99 19 35 33 37 38 95 17 61 22 4 61 7 2 19 55 100 97 95 29 73 99 78 7 12 49 25 33 45 93 92 41 84 28 89 1 5 64 17 65 42 79 35 6 5 60 23 61 70 75
32 38 47 29 53 38 26 58 45 7 2 46 91 85 16 97 56 14 24 69 71 20 38 66 11 51 48 99 53 71 83 78 86 99 55 40 22 67 10 71 8 14 25 7 60 22 75 90 25 57 94 1 100 3 11 58 12 10 78 13 67 78 18 88 70 77 41 26 70 5 4 44 24 48 18 26 25 21 83 97 23 72 29 71 26 100 35 40 83 70 53 12 36 94 65 39 64 22 89 37
23 51 50 49 40 81 46 64 32 60 91 29 89 33 14 64 90 22 75 69 69 70 16 47 8 7 10 63 67 29 81 38 82 12 46 47 67 15 96 77 92 85 6 5 82 87 90 92 1 24 66 12 2 63 78 79 83 21 88 7 47 37 27 63 4 48 53 7 39 20 77 94 4 78 38 31 54 29 81 16 74 60 73 70 30 65 60 86 45 44 14 81 86 92 55 8 56 22 48 47
27 36 25 30 18 26 5 91 8 89 14 27 9 15 49 36 98 72 70 48 54 53 56 22 27 13 5 24 29 83 63 10 23 86 90 44 5 32 86 54 25 66 96 41 14 78 39 94 12 45 91 23 13 4 9 25 100 58 59 77 10 95 70 49 19 34 11 7 34 63 43 79 18 94 32 27 47 30 49 14 65 99 13 52 70 87 81 87 16 95 42 55 84 37 19 65 32 52 37 96
37 81 28 81 62 19 6 93 91 68 99 73 73 68 18 18 42 93 24 9 43 12 17 15 22 4 72 96 46 28 80 35 93 63 16 3 56 90 71 97 44 24 90 42 53 28 71 44 78 63 23 44 21 2 70 9 92 7 42 63 96 16 33 14 49 93 46 6 66 52 99 26 78 67 79 28 35 89 97 79 67 97 27 41 41 86 80 52 81 13 20 18 92 27 58 68 26 23 17 39
84 34 27 60 87 21 44 79 96 10 72 27 42 53 68 57 56 36 27 91 19 89 29 96 76 53 97 74 95 6 50 12 82 41 46 88 31 71 2 14 14 4 24 86 24 23 45 94 71 1 4 7 66 91 67 91 5 94 24 59 66 19 7 23 7 23 99 26 55 68 34 40 20 79 69 36 55 97 38 73 87 59 16 76 6 60 64 25 48 85 88 12 90 67 55 39 57 77 83 31
70 52 68 83 24 5 97 55 65 52 69 77 20 16 13 73 80 26 89 50 68 58 76 59 70 88 81 22 40 75 73 28 94 98 71 1 95 58 15 96 13 27 31 32 2 47 66 27 2 92 12 31 49 6 7 74 86 30 12 76 84 55 16 14 53 21 50 40 18 20 21 80 22 17 15 16 79 86 20 59 90 26 33 65 62 57 13 16 62 88 50 67 49 16 72 28 44 78 83 37
100 32 57 90 22 58 53 53 39 34 97 70 25 10 51 18 32 91 45 85 98 88 35 16 30 77 66 27 6 42 32 86 24 76 88 100 13 31 8 66 16 53 29 26 69 34 82 21 56 97 54 51 65 75 64 66 27 16 15 46 21 29 29 29 7 23 16 68 92 46 23 84 58 8 90 92 80 16 71 58 14 22 6 80 48 20 80 50 52 62 80 93 42 71 70 87 17 24 1 24
2 92 43 43 16 33 76 34 84 33 58 14 11 81 43 64 99 98 21 55 11 99 85 48 2 99 31 68 36 30 45 54 15 3 45 14 56 18 23 40 42 84 15 51 54 69 100 95 93 72 28 13 26 66 12 13 49 26 42 36 41 40 16 76 23 97 16 70 42 64 20 99 89 24 44 47 64 43 20 16 69 50 42 27 54 61 1 72 68 71 93 40 8 20 73 26 37 64 88 93
80 29 29 74 100 90 60 22 33 15 88 40 100 26 73 45 62 88 20 79 60 54 15 41 63 74 51 86 47 99 3 64 57 85 32 61 9 64 5 59 28 64 34 8 69 71 47 66 34 76 51 70 97 3 59 52 89 14 49 88 65 82 76 40 52 98 24 69 93 90 90 46 29 47 60 98 92 50 25 54 24 57 7 94 24 9 86 81 27 91 61 50 72 95 56 39 48 19 97 43
13 64 45 3 36 80 29 64 27 66 62 18 7 55 3 40 90 3 44 45 26 71 19 1 58 89 42 9 99 56 51 41 95 97 84 10 11 55 2 26 98 92 39 4 54 3 42 72 77 71 18 21 60 13 61 93 88 81 45 73 55 48 57 89 21 76 13 13 30 17 70 93 36 49 59 95 4 68 3 53 98 10 20 100 76 80 71 54 95 68 22 77 78 31 93 56 57 95 79 95
56 28 67 17 46 22 68 30 37 63 80 51 83 93 95 8 92 12 77 40 84 20 17 35 45 86 19 97 14 77 2 5 35 18 91 31 43 49 48 74 92 87 25 77 11 11 7 95 50 9 72 11 84 76 81 74 50 40 67 49 20 69 70 8 41 71 75 38 83 92 25 98 35 61 95 14 15 25 20 21 32 79 43 55 24 86 10 59 51 75 2 4 6 37 77 81 81 20 62 42
51 96 90 91 37 90 82 77 25 19 91 55 65 43 75 94 24 24 40 8 78 30 10 4 82 81 21 96 89 38 5 70 32 9 48 18 22 32 31 35 72 21 78 39 73 67 90 70 70 57 27 92 30 38 61 10 43 15 16 51 19 40 67 87 69 81 90 66 54 32 53 74 77 10 57 3 86 6 78 93 68 6 80 63 77 97 54 56 36 8 9 50 95 56 41 19 44 68 89 81
72 49 97 6 43 45 19 66 16 29 52 21 74 22 49 18 50 88 74 53 97 60 53 24 28 14 56 9 31 5 82 33 51 3 100 87 97 38 89 33 77 38 59 45 8 14 76 88 68 93 53 46 92 45 32 51 79 44 89 8 23 54 86 1 74 99 80 74 65 48 18 63 38 17 94 30 95 93 31 48 70 68 5 53 45 22 29 19 8 11 98 23 51 80 51 17 6 53 26 5
55 85 20 82 28 99 80 62 33 24 51 58 60 2 75 86 34 30 93 61 21 49 72 43 17 11 42 2 67 100 7 42 93 36 42 89 47 11 72 76 31 54 19 38 97 52 3 99 53 50 63 29 30 50 54 17 8 68 81 95 66 29 58 5 82 89 55 99 34 50 11 77 21 41 70 100 32 44 61 17 40 76 86 46 20 79 78 45 100 71 72 84 3 51 8 28 9 65 29 97
57 26 82 74 60 87 5 11 69 47 6 38 74 49 2 78 76 17 60 50 81 80 38 68 15 54 20 57 65 97 96 76 13 24 29 94 86 84 97 15 56 96 3 13 55 8 85 19 75 92 42 97 54 21 59 86 15 8 33 39 96 80 18 91 72 76 24 45 41 53 27 42 82 26 57 70 8 6 85 21 92 19 82 25 96 23 6 52 93 24 76 99 76 75 29 71 81 90 79 66
20 42 70 28 90 4 73 5 24 44 51 53 17 66 8 6 74 42 14 33 85 46 16 12 51 78 45 78 69 39 48 45 84 12 5 75 97 68 27 68 34 66 55 14 61 20 25 54 2 11 43 64 78 42 57 33 20 82 66 78 37 52 35 52 72 98 52 5 81 37 84 52 5 60 80 93 41 99 49 31 23 25 37 59 40 50 52 75 61 56 4 48 41 92 11 98 31 85 73 97
76 18 17 37 26 45 32 9 35 15 75 2 98 24 89 5 39 30 4 19 42 71 75 37 13 20 38 51 62 95 24 3 63 61 78 76 79 59 19 14 59 52 47 31 46 38 17 52 93 38 14 33 6 43 4 86 77 76 98 43 43 32 3 7 73 11 40 71 85 54 19 59 99 93 32 94 16 16 69 97 15 59 39 85 30 12 56 56 2 93 48 42 60 5 13 32 6 6 57 5
73 12 88 61 61 39 19 62 62 5 5 38 19 73 21 38 16 88 94 53 35 91 1 98 35 86 78 87 95 9 89 79 72 7 80 71 4 16 37 32 57 12 13 83 6 91 97 84 29 97 17 42 27 55 2 18 61 38 22 60 3 8 43 43 56 87 7 27 94 26 18 21 12 9 43 58 11 95 80 27 76 21 82 63 51 57 61 66 43 44 1 36 63 42 84 86 66 66 89 3
90 98 31 20 13 19 33 33 52 33 33 61 47 77 49 53 61 1 9 79 90 94 88 90 31 80 12 70 61 63 21 27 38 64 5 9 17 91 49 46 21 18 82 74 14 65 30 24 17 87 67 83 17 60 78 42 11 32 90 72 20 64 75 78 42 54 95 46 71 85 35 15 80 80 82 97 28 55 2 13 6 88 92 18 25 95 20 61 72 47 50 94 33 87 85 77 63 55 34 74
89 47 8 91 34 93 39 93 30 66 25 42 54 60 79 2 43 13 63 81 43 24 61 22 93 4 74 55 84 3 86 23 76 14 7 57 11 24 70 12 64 89 74 28 43 12 20 37 47 72 97 20 68 96 72 27 10 14 45 85 80 65 42 36 42 61 6 35 17 51 26 61 85 81 57 23 32 67 80 22 73 1 7 19 40 15 47 77 72 32 49 63 17 25 48 32 46 22 34 6
