73 19 50 91 36 1 44 43 74 36 34 9 80 2 25 21 89 42 54 53 62 11 76 77 68 44 98 11 39 94 86 90 71 96 19 4 13 72 22 31 73 94 76 50 58 72 74 93 88 61 92 89 59 8 69 76 57 11 87 69 57 76 69 45 39 30 35 47 51 16 46 99 55 85 44 100 24 36 73 48 94 10 17 54 98 36 100 35 46 17 2 71 99 28 75 98 54 64 48 43
89 28 94 84 81 41 55 54 1 88 11 86 6 66 19 81 52 1 51 16 40 47 73 44 58 46 83 60 92 92 64 36 68 73 76 17 3 78 9 7 83 18 2 84 17 44 84 17 58 43 54 66 100 81 31 100 58 59 64 58 88 44 77 77 52 52 96 59 33 29 24 15 29 92 15 98 90 65 47 89 2 63 61 89 6 34 87 26 24 100 36 93 2 3 39 89 4 21 81 95
49 45 79 21 76 78 13 37 12 62 9 8 70 97 40 87 48 87 51 43 62 36 2 28 74 76 77 92 13 77 14 97 76 65 86 38 22 59 60 61 99 60 62 30 86 16 30 46 57 82 78 25 46 97 82 84 54 44 68 8 75 21 49 71 82 67 8 62 66 44 74 92 40 27 91 65 29 2 74 66 88 41 82 4 19 72 83 15 56 31 69 72 47 29 14 61 70 82 100 32
23 33 6 38 100 6 44 62 60 57 77 14 83 79 81 100 32 22 11 41 51 87 31 65 96 93 2 56 10 76 77 9 54 29 57 45 32 69 97 98 20 6 62 86 71 74 26 37 8 49 1 34 85 54 75 56 10 44 12 11 81 9 6 49 47 12 47 8 57 73 49 70 3 9 72 79 6 11 2 29 32 82 90 1 25 48 82 69 60 96 79 91 6 2 26 71 38 19 24 54
61 72 86 94 78 87 67 47 18 38 5 1 58 8 10 16 96 20 91 68 99 87 34 53 1 36 33 7 17 21 81 56 59 5 21 75 14 8 60 26 88 15 30 44 66 43 79 12 68 62 56 32 85 19 98 27 67 33 60 61 7 67 41 18 1 17 87 37 20 62 37 95 17 53 5 83 4 44 48 91 97 24 14 44 34 27 10 62 9 97 88 86 93 46 33 55 85 74 45 70
68 5 62 72 90 50 99 4 7 34 81 97 43 25 57 9 78 70 23 17 26 42 69 31 48 89 66 43 44 4 45 21 4 15 67 34 90 54 50 89 83 87 27 2 91 69 33 73 52 19 68 35 74 49 90 71 81 19 5 63 8 2 72 87 98 11 12 27 78 69 81 68 34 99 82 82 81 54 82 12 62 59 20 77 38 58 37 67 43 25 70 61 31 42 35 79 65 36 73 95
47 87 36 70 38 33 78 54 25 78 85 63 42 19 28 60 35 10 32 39 57 65 90 12 3 71 32 56 7 89 58 22 76 52 48 57 2 81 79 52 37 39 100 85 8 9 82 50 46 19 36 50 48 79 5 12 76 67 18 96 15 78 82 13 51 73 32 25 14 50 15 16 22 90 46 56 64 28 72 99 72 54 17 30 90 30 9 61 81 88 38 52 57 68 5 18 40 98 80 21
34 2 96 33 39 18 100 26 79 98 85 49 44 37 62 56 37 51 92 70 65 15 30 28 70 53 88 98 56 88 10 79 52 22 25 83 6 49 50 40 38 75 70 59 58 39 68 16 57 73 30 95 35 56 53 74 75 72 44 19 100 95 86 41 21 11 33 37 5 25 41 23 40 75 21 98 95 88 71 49 30 29 71 4 30 18 81 20 100 93 28 68 24 72 84 24 71 41 7 97
82 65 95 37 13 14 56 79 4 44 28 54 96 96 79 16 16 61 67 79 59 31 94 8 99 31 52 67 66 87 48 97 5 52 70 93 9 79 12 59 57 4 32 68 39 72 99 85 25 63 32 64 52 65 12 70 38 7 17 19 80 26 49 61 8 6 88 76 28 1 37 89 37 34 70 66 27 67 56 66 94 18 58 19 59 25 47 46 89 88 22 85 80 85 75 30 64 88 55 8
85 57 17 65 4 22 47 88 60 49 84 76 85 18 32 51 62 72 50 31 81 12 97 23 94 32 91 5 5 77 1 71 47 81 84 28 47 88 56 19 88 5 77 49 33 54 88 65 3 46 61 15 6 72 80 76 61 37 61 27 81 100 87 94 14 26 2 94 42 81 27 10 87 34 35 28 69 55 69 33 16 83 20 34 49 24 13 94 75 87 92 7 76 91 79 66 53 98 93 79
54 11 19 23 87 57 83 4 11 97 48 100 16 29 41 89 35 80 39 89 92 41 72 20 68 83 87 51 100 4 81 33 1 72 85 46 87 40 76 77 30 85 72 23 35 31 33 94 24 83 61 78 85 76 59 3 57 90 50 24 15 64 6 65 4 97 31 30 30 1 45 33 84 13 22 30 65 45 100 11 37 88 78 8 34 68 29 92 29 44 40 89 7 58 88 50 9 58 25 53
12 47 76 40 25 17 15 100 68 13 58 86 94 16 5 21 8 65 85 19 75 65 19 2 73 91 67 18 25 9 7 23 17 4 44 45 78 1 22 22 97 58 19 40 64 51 6 25 98 77 48 81 28 93 39 32 25 25 55 61 9 7 88 12 71 49 84 40 19 74 58 5 91 88 27 80 94 86 19 84 41 83 29 76 6 9 62 70 47 97 100 62 33 86 85 64 54 62 94 6
72 46 60 6 56 83 65 35 4 35 76 11 96 68 20 18 57 14 1 77 7 61 59 15 36 76 24 59 32 72 14 100 65 26 44 95 54 64 62 72 18 72 62 56 33 30 54 44 52 27 43 47 15 14 71 57 36 38 1 6 63 46 15 98 35 70 57 58 6 49 6 29 49 9 59 48 89 64 10 78 63 26 34 10 53 78 65 93 65 60 59 53 11 86 72 89 11 9 52 99
63 91 53 73 47 71 41 42 25 19 76 5 61 78 46 63 69 64 58 79 8 30 11 88 8 80 46 38 77 81 72 64 48 7 49 48 83 99 40 78 12 61 84 91 38 19 19 25 48 62 37 22 86 34 39 7 61 18 20 60 21 60 21 27 93 66 77 66 79 45 21 83 98 51 20 61 62 18 45 62 29 55 20 75 71 93 26 75 43 33 69 65 43 89 62 86 68 45 83 82
56 12 48 72 33 98 74 51 16 85 14 42 11 8 78 55 68 48 100 80 83 53 50 26 47 17 36 68 68 56 95 51 90 67 44 94 87 56 18 60 42 8 17 61 48 43 77 100 98 63 94 7 61 55 82 84 73 17 100 34 2 93 52 87 55 7 3 86 87 75 29 59 30 57 20 27 63 85 13 25 56 41 96 41 68 88 19 33 12 84 44 39 20 46 10 91 90 27 77 25
2 42 69 32 38 73 67 75 78 36 56 42 35 70 32 35 26 45 24 83 37 45 78 16 66 77 90 79 46 27 49 49 69 73 63 28 75 39 14 75 31 65 77 85 56 87 60 25 3 85 88 82 70 76 38 20 18 23 73 76 44 85 54 62 76 86 22 90 99 22 43 47 24 40 25 57 18 2 66 44 4 15 17 31 25 64 14 75 73 19 49 95 23 85 59 82 86 86 51 15
67 28 67 83 48 100 50 1 57 82 46 26 44 44 70 56 97 17 99 66 94 69 13 4 58 82 27 76 87 16 17 43 68 34 33 19 53 30 82 65 29 20 30 72 22 92 84 89 82 22 75 74 46 13 53 26 13 97 74 13 76 98 98 66 63 14 75 99 52 23 34 78 7 75 40 20 57 39 13 37 80 12 69 69 33 77 71 18 68 56 70 65 65 73 5 27 58 2 33 100
33 19 24 54 72 7 8 24 45 59 55 52 5 71 72 96 49 82 28 7 89 5 63 94 3 16 73 90 27 8 90 65 65 15 8 59 40 22 45 18 61 4 69 29 95 21 19 72 19 3 75 5 35 47 54 8 49 32 70 14 32 33 92 69 66 34 82 59 32 16 99 78 16 45 3 14 90 40 35 32 48 82 37 53 95 35 98 48 7 67 38 34 86 29 41 22 64 99 10 53
5 49 20 46 54 79 34 79 96 48 57 53 52 87 43 50 15 17 33 94 75 47 3 11 9 34 88 15 51 37 4 42 89 34 84 9 73 92 99 85 100 43 31 15 13 47 49 6 93 83 31 12 67 64 3 88 67 22 3 26 36 46 6 20 30 49 45 48 44 32 90 34 2 90 52 5 48 23 60 91 94 70 83 24 13 70 61 12 91 16 58 90 79 46 55 35 3 95 11 51
13 72 31 18 49 72 33 84 31 33 58 33 4 41 80 74 90 19 31 96 89 47 9 60 97 52 86 96 5 45 81 82 100 100 56 51 39 16 75 56 45 90 32 14 15 20 24 32 12 50 56 82 15 25 98 41 51 53 38 45 38 71 66 14 24 76 85 7 70 70 86 73 83 55 70 77 84 86 72 90 90 17 13 7 9 97 58 28 99 17 9 15 20 58 15 43 74 69 29 24
11 66 77 99 70 14 79 68 34 68 94 40 14 34 59 48 63 50 85 29 100 82 3 7 79 37 64 75 82 32 54 87 15 94 73 18 12 99 100 77 12 18 79 61 55 60 83 83 46 52 18 33 100 80 86 100 6 15 20 83 19 21 43 92 31 72 3 46 25 66 96 77 74 14 79 47 46 64 15 70 21 92 91 73 46 70 5 45 35 18 21 5 75 33 21 10 10 92 11 3
28 11 9 74 85 85 72 89 59 27 89 16 56 44 11 44 48 25 7 89 30 97 41 20 59 30 83 73 50 62 93 25 81 76 45 65 75 5 10 28 51 20 17 53 61 25 84 24 29 12 66 29 87 95 32 17 57 29 48 33 76 52 78 71 13 62 81 33 4 39 39 7 52 48 27 70 85 58 73 72 35 73 84 46 93 18 67 38 82 42 80 17 86 1 97 73 3 63 36 20
78 100 87 50 70 11 22 29 96 27 83 86 27 72 53 45 50 30 91 95 59 79 82 45 82 38 5 97 86 43 92 84 23 25 12 14 33 60 89 90 6 92 27 55 62 29 53 52 97 67 7 78 70 73 52 41 89 54 65 93 42 57 14 22 13 95 60 62 15 25 50 1 16 38 42 71 68 42 38 52 58 64 93 1 71 28 4 63 44 13 49 32 34 1 60 68 99 67 15 77
78 13 11 84 84 62 21 43 93 73 79 42 34 46 33 37 20 88 36 63 74 55 88 16 3 11 44 44 39 12 31 21 92 17 77 37 13 97 74 93 5 83 27 71 42 62 87 5 11 14 24 7 23 9 81 17 61 87 11 33 31 79 83 47 12 39 9 91 1 29 86 17 10 11 20 47 46 50 88 10 34 45 71 1 64 52 11 62 61 91 78 70 48 11 62 90 78 96 56 71
34 68 59 62 54 4 49 57 27 39 18 22 44 66 12 38 54 11 74 12 10 49 40 62 69 51 75 12 63 5 32 90 14 7 4 22 99 38 58 31 85 34 41 26 38 33 52 10 22 89 33 2 79 53 38 75 69 100 20 64 52 90 33 14 37 87 98 34 44 11 16 29 47 5 99 21 57 18 37 87 33 31 96 43 38 47 37 56 12 89 100 78 60 7 90 88 17 28 77 82
99 98 60 94 14 85 79 96 55 29 35 14 81 12 97 45 55 16 10 95 89 26 3 98 99 89 21 11 89 88 98 99 58 74 9 66 18 55 1 80 1 53 82 18 31 97 98 35 5 99 73 96 69 23 48 18 17 100 22 67 74 67 22 76 88 2 76 80 76 24 83 21 18 83 87 37 80 72 27 66 86 92 92 32 72 42 38 83 34 92 89 83 61 16 58 97 72 92 97 64
55 78 87 61 99 86 98 97 64 19 8 56 25 68 91 75 31 18 53 26 47 15 24 11 87 3 99 42 63 37 86 26 61 64 99 14 82 53 10 91 25 7 19 8 16 38 64 56 1 81 23 36 62 45 32 8 25 25 2 71 96 58 37 84 89 8 28 91 69 83 67 63 55 81 49 60 38 17 53 37 89 21 20 48 39 65 24 63 46 75 58 44 43 74 95 47 22 74 19 76
43 75 52 18 16 68 33 56 80 21 94 37 67 71 8 34 70 99 8 5 71 39 42 92 56 72 59 68 20 91 85 92 23 99 30 40 3 97 17 64 95 56 81 60 4 53 98 23 91 44 96 75 49 18 57 62 28 41 77 43 31 22 7 53 53 96 15 21 69 60 39 90 77 15 18 25 26 62 36 29 67 2 97 22 6 24 15 35 85 62 5 22 21 29 98 87 12 9 64 72
28 28 3 5 29 99 95 15 31 58 10 88 57 53 46 93 57 63 46 40 25 73 95 13 28 74 13 76 99 45 51 24 37 77 55 78 31 100 12 38 25 51 80 32 3 54 26 78 51 90 40 52 10 43 13 12 93 91 88 66 23 60 96 68 43 3 68 85 97 56 69 18 7 43 62 35 88 95 87 78 15 31 47 28 45 48 31 63 96 50 10 6 66 96 97 3 34 99 18 50
51 94 20 10 18 78 61 32 38 66 10 34 20 92 83 55 15 32 46 68 69 10 84 45 60 34 62 73 38 73 8 46 49 97 93 17 41 30 68 97 93 32 68 93 52 25 85 13 65 75 38 39 96 78 4 94 50 9 15 12 46 80 44 52 9 54 31 41 22 30 20 45 8 7 52 70 8 14 36 16 56 57 47 23 1 27 87 75 61 72 89 66 90 88 98 45 14 14 91 25
18 29 88 86 51 16 5 14 91 33 79 66 5 73 37 57 90 14 21 42 46 34 40 35 4 39 10 53 82 10 24 38 91 11 55 7 13 43 93 68 41 59 89 9 2 60 67 43 60 100 51 61 99 100 84 43 55 59 47 99 19 46 63 25 71 67 1 63 84 43 98 39 38 16 29 72 61 35 28 54 1 14 26 17 6 89 87 2 81 9 44 45 32 95 58 43 87 88 88 84
92 64 5 96 90 75 69 14 95 73 15 17 29 6 89 73 69 93 94 60 15 22 6 81 87 85 79 29 90 14 59 31 63 35 1 75 5 57 84 85 88 38 13 99 61 23 14 91 42 19 33 99 79 86 67 1 3 5 85 51 45 97 61 90 19 97 10 16 7 34 34 69 40 75 42 77 16 38 46 96 85 71 100 53 71 43 44 45 51 58 50 86 54 53 13 52 55 19 4 32
10 58 47 13 51 43 99 88 7 98 75 42 90 73 53 98 64 39 46 97 50 73 76 53 11 67 63 50 85 51 17 33 29 52 85 84 44 98 76 22 7 86 100 16 75 9 39 75 29 21 26 95 99 83 39 97 21 87 27 96 61 49 82 89 17 5 74 1 62 2 87 96 28 59 12 51 37 14 36 53 85 8 33 29 92 16 18 24 62 21 26 96 14 7 68 57 56 76 70 89
47 69 47 92 47 57 26 4 50 23 30 88 86 93 28 77 68 89 41 90 17 57 47 58 78 54 85 10 14 68 93 54 37 89 65 43 66 54 95 34 66 87 49 58 41 13 10 70 99 89 37 21 71 11 57 100 49 73 97 83 66 86 22 83 7 48 48 72 15 73 12 89 25 35 51 37 11 59 78 84 71 72 43 6 53 71 53 88 29 80 43 39 19 21 15 1 59 18 87 13
91 93 66 94 14 86 14 33 21 34 49 24 55 35 38 68 85 47 22 43 73 29 33 3 17 54 98 42 51 42 97 72 30 52 43 38 89 42 62 36 49 27 53 60 77 50 64 62 32 52 84 28 80 97 97 32 16 23 68 14 10 77 26 25 75 86 82 88 54 67 83 46 61 15 81 72 18 71 3 10 4 69 25 66 94 50 17 44 74 72 25 57 72 22 7 39 67 1 53 24
55 16 46 52 30 76 57 33 99 7 6 92 75 33 16 74 6 30 23 40 44 45 40 33 95 80 39 11 67 18 79 33 21 61 21 93 19 46 1 80 77 58 48 72 55 53 58 2 60 35 32 29 37 100 5 37 79 28 22 1 35 23 18 45 17 78 3 63 15 27 36 73 41 43 66 66 67 28 36 6 51 43 51 17 45 38 73 9 18 96 42 93 46 100 88 32 1 26 95 68
52 44 68 19 39 12 16 35 83 47 36 62 96 64 76 33 97 4 20 93 72 43 65 91 76 27 50 7 59 64 68 79 19 52 33 38 82 29 64 50 63 51 34 10 19 64 28 90 91 92 70 63 24 91 23 95 97 22 62 6 45 36 47 88 45 31 6 65 93 62 28 15 28 32 34 33 47 5 87 26 68 18 37 81 17 28 39 48 43 13 99 56 17 73 98 1 79 77 83 40
58 62 58 10 7 61 78 70 86 81 11 47 28 81 28 55 8 99 64 43 84 28 61 93 37 100 70 77 29 51 50 46 64 49 33 54 3 1 37 67 48 81 67 66 33 81 56 36 85 64 1 100 85 30 87 52 96 56 41 65 4 89 37 33 96 92 95 11 1 44 34 65 49 46 47 30 43 23 22 33 64 77 5 39 52 79 45 37 34 79 64 26 93 79 37 65 42 9 44 87
37 75 8 83 71 98 97 48 16 55 84 88 49 68 84 70 18 17 30 70 81 98 58 51 78 49 98 49 58 59 43 64 12 12 92 71 91 67 72 87 14 55 19 41 9 60 59 17 73 85 92 13 1 67 97 42 1 34 35 91 24 94 31 66 79 17 32 93 93 39 72 48 14 88 97 14 3 58 90 47 82 100 35 98 49 32 84 8 20 43 76 88 71 95 42 59 69 90 35 32
67 48 75 42 60 90 52 70 38 9 90 4 90 36 26 38 24 33 66 53 29 25 84 67 84 11 14 11 51 65 22 30 23 67 44 75 85 38 41 70 63 49 36 93 17 62 69 39 99 9 85 95 84 85 58 81 100 17 7 98 47 67 30 22 37 26 46 10 60 47 68 78 61 45 53 55 46 51 69 67 73 92 80 67 84 89 46 67 43 19 63 48 98 64 10 98 61 33 20 5
63 23 24 9 76 16 20 62 88 53 58 96 94 95 42 24 34 85 40 94 91 71 92 47 64 10 50 58 33 31 83 5 6 80 83 83 87 38 59 69 83 51 46 41 44 12 68 35 72 58 50 93 14 49 64 35 14 100 23 3 79 90 57 40 66 24 12 74 38 36 6 58 83 99 74 23 97 70 99 5 62 26 35 46 52 35 14 52 56 41 63 46 6 53 100 1 89 22 19 1
100 24 96 36 11 47 66 3 92 23 68 53 75 43 36 58 49 90 43 47 6 69 67 67 8 63 97 66 68 69 48 90 79 89 38 99 12 20 66 57 16 52 6 12 20 48 65 14 23 35 19 56 45 93 97 50 26 48 29 78 16 43 28 100 20 14 31 31 62 85 54 37 25 67 9 19 66 100 60 87 23 43 14 19 29 85 37 12 42 28 45 16 94 57 52 45 91 93 43 78
50 1 28 39 71 19 71 29 67 30 4 89 7 65 81 85 24 97 32 22 22 69 67 15 49 92 71 59 90 20 32 55 99 57 37 86 85 48 21 82 33 69 73 35 7 55 72 75 2 89 91 86 98 9 35 71 38 57 28 82 58 24 7 3 16 19 81 15 6 24 83 9 27 13 76 17 3 19 73 52 96 78 96 77 55 60 40 17 35 32 47 62 36 46 47 20 45 22 11 83
9 50 2 17 29 72 16 3 100 6 49 51 29 30 82 98 61 82 95 8 82 39 60 4 79 6 38 63 40 56 59 62 47 65 52 77 91 66 21 64 35 64 1 4 13 53 1 19 58 81 56 64 31 4 85 45 2 37 90 20 75 2 69 71 77 44 23 65 11 75 24 26 86 62 23 6 47 94 19 8 63 37 48 25 67 72 45 85 86 7 6 88 34 30 71 2 94 23 98 46
92 95 90 11 38 1 61 75 98 40 82 17 91 85 30 64 22 63 86 28 65 48 70 79 25 15 1 26 14 9 79 18 11 21 65 2 55 65 54 18 46 34 55 32 78 20 90 86 37 94 28 47 71 23 24 21 5 37 27 98 95 24 54 77 56 52 28 19 74 89 12 7 76 47 40 7 80 4 87 70 54 41 33 100 92 92 28 76 61 84 27 100 8 71 32 60 71 68 61 7
45 67 4 100 91 97 27 8 47 97 3 100 19 16 39 80 5 82 41 33 88 54 78 96 87 59 12 85 36 91 36 36 54 21 6 92 53 19 65 52 87 41 76 96 62 76 35 43 31 28 86 78 36 1 72 87 91 80 22 80 62 85 84 92 5 18 50 9 43 32 47 81 68 6 77 9 7 12 74 16 59 63 95 7 76 26 50 89 43 53 100 96 96 67 42 59 78 33 31 19
91 9 18 91 38 10 69 86 40 83 80 74 36 9 20 26 23 85 38 71 12 35 94 34 12 30 60 79 85 96 25 3 71 54 40 96 41 50 10 23 35 70 86 20 8 52 54 80 100 55 88 100 16 81 9 40 68 57 80 67 29 91 11 50 87 33 83 9 86 54 8 74 60 73 87 65 100 4 9 17 73 50 56 34 69 63 80 49 48 10 25 53 26 73 54 91 55 93 38 83
73 70 87 4 51 74 99 3 85 13 90 58 14 87 12 60 91 2 60 92 86 55 50 4 56 26 21 46 38 4 51 29 4 46 21 45 93 27 31 82 90 39 17 7 4 56 5 4 28 88 19 26 21 68 24 96 13 49 51 95 68 68 26 85 6 49 52 14 75 87 89 57 25 63 77 65 43 50 32 60 63 60 20 89 59 59 57 74 63 93 50 16 23 97 88 32 74 97 14 84
49 97 23 84 84 50 64 70 11 33 94 28 66 29 8 24 42 52 21 19 20 32 64 78 45 79 70 76 86 71 34 7 74 78 77 54 11 23 99 42 57 66 56 75 82 75 68 30 45 86 72 89 45 37 5 48 55 66 47 39 92 68 38 3 89 37 60 61 73 91 11 36 68 53 55 2 19 74 51 40 55 93 79 8 50 28 48 40 29 88 12 8 87 55 83 12 54 49 61 95
3 99 91 74 49 97 15 65 84 50 18 25 24 1 26 74 46 34 44 59 81 38 42 89 21 69 82 63 52 84 3 97 29 70 37 4 54 54 13 82 66 80 87 23 24 64 35 44 53 74 84 97 70 17 69 62 90 73 96 92 20 70 32 68 90 19 79 62 63 55 56 58 9 88 59 8 2 21 95 74 20 90 80 43 26 9 6 90 52 37 40 47 95 67 32 94 38 82 76 47
24 22 2 93 95 13 56 60 13 57 59 98 33 76 60 27 13 41 71 1 90 54 9 33 79 77 66 82 13 72 71 23 42 47 14 52 63 82 12 32 54 100 77 31 40 21 59 70 90 37 69 20 94 69 79 85 13 74 9 21 13 38 31 92 31 76 5 30 3 100 84 36 6 27 59 65 82 25 61 40 11 49 96 73 51 48 86 48 18 65 70 46 82 8 7 74 10 54 90 51
19 73 76 22 20 86 52 27 60 96 43 20 73 44 86 74 55 17 21 85 23 11 82 68 61 62 35 70 83 83 52 30 6 99 19 25 99 85 3 30 41 27 16 42 9 63 55 86 74 81 44 73 61 90 90 19 31 42 73 33 41 19 9 92 51 58 25 16 75 77 73 6 81 95 26 15 76 64 84 48 77 22 52 84 30 67 18 50 17 78 87 75 93 60 56 52 24 34 1 12
88 13 48 55 85 59 7 86 96 77 75 76 94 9 17 51 89 13 2 24 21 21 76 60 5 47 91 6 98 84 54 37 17 95 40 16 75 24 98 18 42 31 61 30 54 12 77 52 87 84 6 56 38 22 39 35 74 80 13 82 25 70 8 28 28 66 86 24 68 55 2 30 15 24 44 66 34 72 29 74 71 52 12 30 33 89 21 41 91 14 60 74 34 25 68 44 37 60 17 91
14 39 46 37 89 5 17 71 54 41 9 96 81 8 96 50 67 4 100 19 87 48 27 33 62 7 98 36 26 38 90 56 31 41 83 93 15 44 100 50 14 58 53 46 33 66 4 29 47 90 73 70 15 14 33 74 20 18 27 60 42 44 3 16 42 21 2 36 73 96 13 80 99 62 55 29 63 78 43 66 82 5 80 87 99 89 66 79 45 89 34 2 58 61 74 88 99 69 21 99
57 17 83 11 28 23 23 58 43 68 77 91 2 12 18 60 2 48 55 6 60 29 67 85 12 89 98 49 45 84 99 65 98 24 44 65 33 22 56 49 2 53 88 66 34 7 45 21 87 59 14 25 76 70 77 62 29 90 77 8 81 28 18 76 66 66 4 79 47 62 6 82 85 90 43 8 8 37 28 43 55 75 89 48 2 51 13 12 55 65 30 40 47 88 54 99 17 84 68 90
59 44 50 69 68 38 87 93 49 7 46 47 28 73 75 28 70 1 72 18 64 48 39 1 34 26 57 86 97 93 18 2 69 12 20 91 59 71 61 3 13 2 85 41 88 94 95 76 89 56 27 19 38 96 46 97 71 24 97 10 22 61 44 14 62 57 53 58 70 86 26 19 46 22 9 15 6 33 75 42 40 48 57 79 5 55 57 17 93 20 43 74 59 48 60 60 29 57 13 78
10 76 27 18 46 34 1 54 81 46 90 86 46 68 54 82 8 32 89 65 60 74 54 35 38 92 44 98 40 25 47 47 59 36 89 30 22 50 49 35 32 54 55 63 44 82 73 37 98 55 12 61 77 89 15 50 29 26 81 78 97 98 6 17 79 13 92 26 42 63 64 73 76 98 7 49 45 50 19 19 26 68 42 48 27 34 63 21 89 66 4 49 67 31 41 42 85 51 23 41
53 73 85 34 39 56 15 26 64 100 15 98 13 21 8 94 22 33 25 57 22 26 13 31 43 45 19 18 60 83 17 27 8 27 65 45 24 28 94 38 38 100 72 55 7 35 23 97 67 34 53 3 68 1 4 97 24 74 25 61 19 2 53 55 1 69 47 33 60 69 46 72 51 33 11 80 43 60 94 6 7 49 89 68 94 83 93 40 76 95 41 9 34 33 82 83 24 76 3 25
84 75 24 77 85 23 93 71 54 65 32 26 79 97 89 39 14 1 62 99 94 31 15 75 58 47 33 46 35 47 99 21 42 47 29 64 79 5 18 28 81 36 57 35 11 53 62 59 46 87 45 16 65 85 14 37 67 54 96 39 27 1 34 100 35 10 35 13 69 8 94 52 100 25 57 56 5 18 43 35 41 39 14 100 91 22 54 17 53 91 22 17 34 31 26 17 77 98 71 45
26 50 44 5 37 50 57 21 34 42 2 10 75 27 62 96 62 61 78 19 98 5 98 42 32 100 28 55 35 54 30 94 87 73 86 65 73 72 77 79 91 29 66 91 100 31 7 87 6 90 2 52 67 82 37 80 37 31 5 82 13 31 94 34 86 34 70 25 39 3 90 99 44 62 13 87 65 29 21 4 46 97 37 23 72 58 68 39 52 48 63 19 93 63 94 82 1 91 59 29
2 88 46 85 5 95 93 50 8 58 95 79 55 51 24 68 88 4 79 30 58 89 65 79 81 91 27 26 63 39 89 26 43 43 35 95 50 90 47 50 73 49 47 16 14 59 55 93 15 5 41 10 10 70 23 78 74 5 8 99 10 64 66 79 82 40 98 67 89 20 60 35 78 37 44 38 44 97 52 64 55 15 97 47 5 77 56 95 69 71 66 38 62 99 37 81 60 12 54 89
6 78 90 19 89 47 79 44 66 40 81 100 76 44 77 13 82 41 66 69 96 29 62 38 13 39 73 51 21 6 24 59 52 83 82 6 63 81 6 19 57 80 41 6 73 51 7 50 50 61 85 74 22 98 75 9 82 90 30 56 80 52 32 58 82 12 87 24 68 26 43 65 62 54 54 23 98 55 6 12 55 36 22 63 51 61 49 3 19 62 11 55 27 25 16 89 65 38 20 47
11 61 75 71 47 91 55 84 93 86 49 78 16 4 70 35 9 43 83 42 28 79 21 40 44 34 23 9 62 89 10 73 43 23 85 73 43 100 55 59 43 59 53 95 78 18 63 76 8 49 2 20 30 92 99 100 58 75 17 85 71 88 61 68 99 12 38 88 81 87 26 35 42 67 53 100 92 39 38 8 87 72 23 40 38 66 66 61 77 94 3 3 71 49 50 10 52 89 100 1
97 43 5 70 3 80 57 87 95 97 2 31 29 91 75 80 20 3 12 62 25 12 65 80 68 84 8 46 47 55 86 13 32 100 70 73 93 99 62 76 49 34 64 48 82 67 45 23 16 23 27 48 12 100 75 93 53 63 80 55 67 69 86 36 15 1 62 37 28 11 91 3 10 87 7 55 28 3 76 20 89 26 79 9 11 37 67 91 77 66 17 34 39 81 54 33 66 2 21 36
52 47 28 36 48 72 29 94 97 52 59 20 62 14 9 40 87 91 51 84 22 72 98 52 66 71 40 95 76 71 73 14 99 86 77 20 94 49 48 25 27 80 62 4 87 56 56 23 31 26 6 11 49 55 60 80 23 41 47 49 89 70 13 70 88 33 73 24 69 80 4 65 86 18 92 52 82 47 14 8 89 47 15 26 85 50 82 35 77 74 39 5 28 98 31 96 22 97 81 28
81 75 82 26 74 21 53 78 89 78 98 31 9 33 10 92 75 47 55 88 98 32 8 54 34 56 95 21 62 4 16 3 97 17 18 77 27 57 3 82 91 66 50 21 66 60 24 10 51 58 44 41 100 70 70 68 89 22 10 58 15 53 53 97 13 24 70 8 42 80 12 19 76 53 64 19 93 72 25 38 74 65 66 43 22 79 3 57 23 48 51 41 44 95 74 59 98 46 17 41
55 11 56 53 38 50 80 100 95 32 24 75 54 54 94 68 76 24 94 21 37 69 40 53 94 73 98 75 23 96 78 90 90 40 7 41 97 71 77 34 57 89 31 6 25 84 65 89 62 50 38 26 12 21 36 42 31 52 27 90 62 10 47 91 79 83 9 71 49 16 79 94 42 51 12 40 59 52 58 16 40 24 65 82 22 17 86 22 78 91 3 80 66 66 96 18 6 73 47 92
22 33 20 17 14 20 84 91 35 66 40 16 20 83 52 22 5 33 60 85 8 15 57 22 5 31 100 13 45 86 90 29 82 80 19 10 38 22 58 42 58 67 3 91 14 64 45 77 8 3 89 56 34 41 95 90 81 52 63 89 6 97 31 20 69 41 4 76 84 86 78 15 89 18 59 42 22 33 29 20 98 30 72 94 90 4 61 59 16 80 48 31 17 7 63 90 76 3 81 47
70 76 44 81 50 24 38 19 33 41 24 8 14 5 32 53 22 10 61 37 92 19 94 76 54 96 75 89 61 40 73 55 20 87 57 53 34 64 63 75 94 90 91 69 69 77 64 31 56 32 93 87 50 94 61 94 67 18 89 88 9 71 46 70 99 17 24 92 100 52 23 11 36 31 49 68 63 34 98 76 84 1 57 75 40 70 1 62 33 50 6 80 48 30 100 22 6 7 100 74
53 27 24 74 83 57 65 72 33 94 51 45 76 61 76 69 11 15 73 36 19 9 66 43 41 43 40 5 64 79 100 49 54 9 82 5 76 80 42 37 16 56 81 90 8 10 87 71 67 79 67 15 72 4 56 7 88 13 72 86 45 11 79 86 97 46 17 43 2 24 95 1 79 34 59 11 91 46 37 3 95 11 33 99 21 67 30 52 39 17 47 31 17 57 9 80 80 69 43 72
64 95 7 75 10 66 29 100 24 99 56 68 90 71 21 19 59 34 14 49 96 37 51 88 81 73 2 35 15 62 31 96 61 24 85 76 28 68 48 8 84 20 86 17 97 34 48 9 21 7 14 31 77 62 44 6 69 55 90 17 99 48 93 100 33 39 30 10 4 42 87 56 2 20 18 56 37 18 66 63 17 7 99 31 40 10 74 44 33 54 90 73 15 41 50 56 94 41 78 8
65 25 15 20 83 94 19 7 49 48 57 17 39 60 64 85 37 33 46 41 17 73 72 46 23 99 64 80 72 66 3 85 38 69 94 29 57 70 23 18 83 15 26 22 88 13 37 31 21 60 41 60 51 72 89 72 29 78 25 9 76 33 73 65 89 27 99 85 41 38 72 22 20 51 48 12 1 31 15 18 16 58 96 27 82 39 52 39 41 61 80 37 56 62 53 3 63 68 73 19
93 63 33 18 19 94 74 22 86 11 28 46 83 33 20 67 90 55 5 90 32 74 51 45 72 65 36 39 2 88 22 51 51 77 44 97 69 48 37 21 94 51 82 60 57 100 84 61 60 18 67 48 83 30 40 4 68 49 31 3 24 95 58 31 67 48 16 88 21 10 15 71 53 40 69 33 9 35 87 64 16 69 10 82 27 31 27 61 45 84 52 34 10 25 49 7 99 4 90 89
71 69 34 15 34 10 63 38 65 43 93 55 96 83 42 96 39 5 33 47 29 3 74 9 27 88 43 22 72 76 6 92 36 91 94 25 20 92 83 57 13 89 87 57 50 17 53 1 9 10 49 96 92 65 34 58 65 34 81 54 80 66 97 71 52 48 65 48 75 95 9 78 33 48 8 69 12 63 73 14 64 5 26 11 30 17 37 22 48 41 55 72 30 28 60 43 41 10 57 66
60 73 69 15 18 49 50 66 3 37 36 35 66 15 40 76 1 63 78 7 31 96 23 79 17 22 99 45 95 81 53 42 28 26 6 9 22 96 94 77 73 34 81 68 80 58 89 1 80 100 19 6 16 7 3 27 87 10 55 25 86 43 30 5 73 89 76 49 65 27 55 49 57 52 55 73 47 81 37 62 68 55 43 36 18 42 3 28 86 6 71 50 47 88 78 93 63 36 74 69
47 45 90 82 70 68 96 69 27 47 48 16 51 77 72 74 39 91 35 80 44 87 57 3 28 39 22 21 75 60 3 82 8 4 81 11 30 19 81 44 54 99 100 35 3 21 90 29 56 66 76 5 5 4 10 97 38 22 97 66 16 53 98 69 61 98 44 40 95 22 41 36 86 89 13 12 45 89 37 6 13 62 74 81 9 60 13 68 19 23 91 85 65 70 28 98 16 44 25 78
29 35 45 100 27 48 97 73 7 63 46 51 26 72 93 26 71 79 62 13 51 20 35 75 16 62 39 76 40 19 79 87 26 23 45 61 55 69 76 7 5 94 77 5 1 63 38 58 71 10 14 30 5 18 76 59 25 84 76 27 96 80 25 17 58 81 17 6 43 28 57 8 89 64 42 66 97 38 9 19 26 98 88 6 92 55 22 21 97 25 52 44 96 15 29 51 38 19 3 6
12 35 12 87 45 77 53 88 58 13 85 68 93 86 18 93 59 38 7 82 54 18 26 35 74 65 75 8 15 72 38 55 70 63 61 13 33 92 96 72 100 75 65 85 42 62 52 84 10 76 96 79 16 51 58 19 29 19 27 41 8 86 46 74 59 80 23 25 85 6 31 75 98 34 7 3 24 15 64 55 96 35 4 91 75 40 98 41 76 4 21 58 41 18 89 63 50 91 12 5
94 19 35 7 13 19 24 5 53 30 65 5 48 61 45 29 1 26 91 71 66 32 25 97 23 16 98 47 68 98 19 87 73 40 50 93 97 94 95 85 78 80 81 37 87 60 6 42 48 38 5 32 90 43 5 19 84 3 20 40 36 96 94 84 22 42 29 77 53 29 1 21 80 7 81 33 48 34 1 11 94 68 78 11 92 30 89 64 26 73 61 12 29 16 68 28 78 68 22 21
90 46 74 14 32 79 4 37 81 85 69 55 39 27 23 22 8 13 30 95 74 2 87 87 13 38 26 51 47 51 68 20 51 22 25 35 65 75 28 97 25 47 52 27 37 5 7 87 16 85 67 35 42 81 85 94 54 87 3 12 96 94 37 20 49 17 20 73 95 10 50 22 99 47 17 81 26 48 23 68 58 15 48 57 65 25 15 43 79 52 35 48 15 87 82 65 97 32 86 30
57 42 59 2 17 80 29 43 47 71 60 21 94 43 8 59 96 73 66 89 43 19 38 82 65 34 73 1 35 69 52 24 21 59 100 10 25 67 67 38 31 46 60 28 24 9 4 93 10 65 59 100 69 5 92 55 68 4 86 43 13 64 50 69 59 18 95 55 68 3 9 14 19 18 32 60 71 83 32 34 6 82 27 37 75 65 3 84 76 16 99 9 6 33 34 99 14 90 94 20
54 67 4 72 62 66 56 32 32 30 21 96 97 81 85 24 92 11 15 83 61 82 32 76 49 92 100 10 86 11 8 37 7 99 33 56 8 44 28 85 86 41 27 88 22 82 25 19 88 47 93 24 9 37 86 88 50 86 19 97 68 15 44 100 100 58 42 31 24 70 25 99 71 86 16 46 63 23 23 22 51 90 54 45 8 41 22 76 51 64 36 33 75 87 76 83 23 61 91 97
66 48 91 100 13 5 82 45 59 20 33 65 18 76 59 43 34 81 4 31 24 59 38 9 89 55 91 98 98 11 46 61 70 88 40 13 5 83 56 35 57 90 26 95 23 47 51 84 28 13 42 18 52 16 96 32 5 86 46 64 55 1 71 5 59 20 14 22 60 60 73 32 88 35 1 94 85 5 61 19 87 49 28 10 62 28 23 85 50 99 100 7 82 76 38 75 32 64 93 55
53 5 84 53 9 3 74 85 79 82 84 66 93 66 29 31 30 11 14 1 71 98 43 88 48 23 59 7 55 8 94 60 67 58 13 33 49 71 52 55 62 62 22 15 88 51 66 90 75 43 3 70 70 62 13 27 30 50 100 99 39 19 22 7 77 39 54 54 77 61 2 33 76 23 12 69 77 60 27 99 4 31 84 44 12 32 69 1 77 33 80 46 94 2 40 67 21 98 69 77
33 81 73 29 35 61 99 59 58 4 54 67 100 79 42 26 36 93 8 44 50 94 72 10 59 87 57 66 69 54 68 76 95 71 51 50 50 74 5 34 80 83 57 85 77 73 36 3 99 53 24 75 30 61 21 97 1 55 62 65 89 7 23 76 91 20 85 35 95 66 45 62 27 29 18 56 59 50 1 46 82 89 82 98 37 83 80 57 48 12 61 90 35 51 79 84 31 15 38 53
18 76 40 54 16 76 98 83 63 8 1 86 89 43 58 3 78 5 49 66 51 27 4 57 65 21 96 24 19 47 4 61 86 82 61 100 83 18 78 21 49 90 74 27 32 59 45 35 86 72 19 66 87 2 53 20 53 48 17 56 5 25 49 13 53 71 28 6 25 19 17 89 88 90 38 65 22 16 97 98 24 6 76 51 20 79 38 15 33 63 84 76 48 92 7 38 61 85 68 36
100 89 91 53 47 68 50 93 66 67 41 100 47 12 83 44 96 42 92 9 95 44 51 38 89 73 48 45 28 22 20 26 50 45 27 90 58 97 30 8 6 63 55 7 57 40 53 9 26 49 55 38 86 48 78 79 39 85 77 14 8 83 34 41 6 82 25 33 57 34 44 8 91 82 59 25 72 77 75 26 71 2 66 42 77 77 86 91 46 25 72 54 85 27 51 90 59 27 95 33
22 57 54 61 4 14 14 57 74 42 3 46 9 68 39 49 5 33 52 95 72 41 10 69 45 69 15 22 98 17 98 94 100 22 43 85 15 2 47 40 57 75 67 56 82 71 88 100 87 52 29 35 79 86 20 25 89 3 69 71 55 12 6 96 73 49 80 14 9 53 47 80 35 68 70 49 40 4 65 59 59 14 16 62 89 76 32 33 74 99 54 40 18 99 17 30 26 3 35 60
47 99 90 61 60 25 81 39 56 44 7 25 86 92 69 78 74 65 64 32 62 38 30 10 75 26 93 99 39 13 54 78 43 84 2 92 66 40 12 31 20 14 12 3 88 54 37 1 31 77 7 76 93 24 96 3 33 1 97 65 100 11 22 69 5 4 46 48 15 65 6 41 60 33 12 54 75 30 70 51 6 14 84 82 33 82 46 85 45 90 26 75 91 2 98 93 67 38 48 70
55 45 58 94 90 79 4 93 76 16 44 50 50 35 5 43 68 50 6 1 31 1 93 16 97 13 42 52 2 50 98 59 41 17 19 64 74 50 19 58 23 79 89 33 7 41 59 64 75 20 60 19 73 20 86 11 81 52 79 73 23 44 67 16 89 6 36 11 19 29 98 9 45 31 35 70 47 46 38 8 47 30 49 34 56 2 37 17 23 35 13 25 11 2 80 61 48 21 43 23
64 80 26 32 3 82 57 59 63 25 56 71 89 89 30 39 83 22 4 100 83 66 91 50 90 65 80 62 34 51 60 84 32 82 41 65 4 35 20 49 94 2 74 23 45 67 38 44 98 53 70 47 10 75 2 33 4 96 35 91 44 84 14 68 67 75 9 67 88 57 15 37 11 25 51 14 17 66 13 92 10 69 47 75 47 30 25 51 40 99 19 41 47 47 58 22 26 84 8 5
66 74 21 47 27 33 11 8 21 25 47 59 1 46 46 63 42 79 86 43 34 68 14 98 100 94 44 99 3 62 14 44 14 91 52 58 24 83 46 60 2 76 70 28 92 81 24 9 22 50 23 7 70 74 77 87 77 48 99 29 36 41 86 77 15 29 63 86 53 62 14 24 69 25 39 85 35 80 73 5 81 8 20 7 56 70 44 88 35 84 37 83 18 18 40 17 79 18 97 24
96 1 1 95 32 65 94 24 62 10 33 26 15 17 67 70 78 18 75 67 100 76 85 19 45 30 51 58 66 26 2 100 41 88 43 52 67 19 49 26 1 21 26 95 5 39 82 25 37 92 15 84 90 4 19 92 90 65 44 96 75 90 27 6 74 61 74 55 17 71 81 33 17 90 80 74 96 56 34 59 44 66 74 93 98 50 71 49 76 29 50 29 7 79 51 64 29 85 53 3
45 29 37 35 10 45 74 98 62 59 91 42 24 66 25 92 36 47 73 51 36 83 80 38 91 67 65 88 8 5 96 92 82 3 55 45 12 39 17 32 2 29 48 99 71 90 86 2 32 31 30 23 16 5 79 25 81 48 65 60 85 13 77 5 95 87 58 77 35 84 100 52 53 48 16 78 14 94 45 66 32 13 69 42 78 47 81 66 8 77 77 26 84 80 47 97 71 91 70 77
82 98 80 77 90 99 60 100 59 14 81 56 92 30 1 28 99 61 71 72 57 25 96 72 78 1 61 22 4 89 10 66 66 63 45 44 23 50 35 10 29 82 4 61 68 95 84 37 31 68 90 25 22 94 44 22 7 62 40 4 12 27 13 72 1 26 57 81 98 66 95 67 14 42 26 18 64 44 62 18 33 91 77 24 97 56 42 37 52 11 75 31 10 47 26 39 40 64 19 97
67 22 19 7 95 99 96 96 100 40 89 27 84 92 56 94 2 42 44 46 3 50 57 51 63 60 25 75 5 43 79 48 57 21 81 4 9 5 48 73 38 42 61 58 77 37 45 26 5 22 6 24 12 91 29 38 66 43 16 76 54 48 29 37 74 51 60 12 42 74 90 79 58 35 93 78 48 96 24 5 50 42 34 35 1 68 12 85 27 97 21 99 37 4 1 41 15 35 33 8
10 39 39 73 50 62 61 53 24 48 1 44 3 76 95 31 84 71 27 12 28 3 58 65 72 59 87 48 67 54 88 87 39 58 22 33 13 4 64 55 59 65 90 24 27 65 11 15 60 42 54 49 78 79 16 88 70 61 68 69 87 33 42 17 30 94 64 59 53 64 88 62 90 94 93 7 34 83 10 89 48 22 95 71 93 43 65 3 1 25 38 17 36 31 50 83 28 47 41 68
53 53 47 6 11 86 82 63 3 52 5 45 24 64 27 75 34 9 2 42 37 27 29 6 2 92 94 86 62 54 79 30 76 63 74 72 57 63 59 64 58 67 31 76 9 3 95 47 10 89 46 46 10 28 29 86 62 53 39 93 77 19 42 23 23 67 70 47 28 67 73 100 31 36 40 8 75 61 41 3 70 37 36 88 29 25 41 36 91 28 13 19 77 23 86 96 97 15 3 64
70 66 96 60 87 52 72 73 76 77 53 24 90 43 73 1 28 90 40 39 9 65 84 5 53 75 51 61 81 16 25 36 1 74 17 6 62 54 2 51 48 100 97 31 49 86 78 83 83 95 19 28 14 15 18 30 85 91 50 26 66 83 18 92 64 86 29 20 17 32 77 97 97 66 24 87 69 97 78 95 41 26 15 61 69 28 64 99 85 88 72 60 80 60 85 85 9 1 40 36
9 38 14 20 53 94 14 72 75 78 13 70 47 88 93 5 95 17 73 13 43 63 48 95 19 57 91 54 27 74 26 37 93 83 88 33 7 21 39 16 59 9 31 52 23 4 32 69 67 49 65 21 72 7 37 60 50 25 83 61 42 39 35 34 39 14 35 5 80 79 45 17 62 25 95 56 83 18 40 81 77 32 64 30 75 46 30 65 91 42 81 20 34 51 28 73 78 55 51 63
